Current Time,Inspector 1,Inspector 2,Buffer 1,Buffer 2,Buffer 3,Buffer 4,Buffer 5,Workstation 1,W1-C1,Workstation 2,W2-C1,W2-C2,Workstation 3,W3-C1,W3-C3,,,,,,,,
,,,,,,,,,,,,,,,,0,308.3,0,156.78,7193,820,203,207
0,INSPECTING,INSPECTING,0,0,0,0,0,BLOCKED,FALSE,BLOCKED,FALSE,FALSE,BLOCKED,FALSE,FALSE,0,,0,,,,,
8.12,INSPECTING,INSPECTING,0,0,0,0,0,BLOCKED,FALSE,BLOCKED,FALSE,TRUE,BLOCKED,FALSE,FALSE,0,,0,,,,,
20.58,INSPECTING,INSPECTING,0,0,0,0,0,WORKING,FALSE,WORKING,FALSE,FALSE,BLOCKED,FALSE,FALSE,0,,0,,,,,
20.84,INSPECTING,INSPECTING,1,1,0,0,0,WORKING,FALSE,WORKING,FALSE,FALSE,BLOCKED,FALSE,FALSE,0,,0,,,,,
23.31,INSPECTING,INSPECTING,0,1,0,0,0,WORKING,FALSE,WORKING,FALSE,FALSE,BLOCKED,FALSE,FALSE,0,,0,,,,,
24.42,INSPECTING,INSPECTING,0,1,1,0,0,WORKING,FALSE,WORKING,FALSE,FALSE,BLOCKED,FALSE,FALSE,0,,0,,,,,
25.01,INSPECTING,INSPECTING,0,1,1,0,0,BLOCKED,FALSE,WORKING,FALSE,FALSE,BLOCKED,FALSE,FALSE,0,,0,,,,,
27.85,INSPECTING,INSPECTING,0,0,0,0,0,BLOCKED,FALSE,WORKING,FALSE,FALSE,BLOCKED,FALSE,FALSE,0,,0,,,,,
28.71,INSPECTING,INSPECTING,0,1,0,0,0,WORKING,FALSE,WORKING,FALSE,FALSE,BLOCKED,FALSE,FALSE,0,,0,,,,,
30.21,INSPECTING,INSPECTING,1,2,0,0,0,WORKING,FALSE,WORKING,FALSE,FALSE,BLOCKED,FALSE,FALSE,0,,0,,,,,
31.57,INSPECTING,INSPECTING,0,2,0,0,0,WORKING,FALSE,WORKING,FALSE,FALSE,BLOCKED,FALSE,FALSE,0,,0,,,,,
31.8,INSPECTING,INSPECTING,0,2,1,0,0,WORKING,FALSE,WORKING,FALSE,FALSE,BLOCKED,FALSE,FALSE,0,,0,,,,,
34.49,INSPECTING,INSPECTING,0,2,1,0,0,BLOCKED,FALSE,WORKING,FALSE,FALSE,BLOCKED,FALSE,FALSE,0,,0,,,,,
35.16,INSPECTING,INSPECTING,0,1,0,0,0,BLOCKED,FALSE,WORKING,FALSE,FALSE,BLOCKED,FALSE,FALSE,0,,0,,,,,
35.64,INSPECTING,INSPECTING,0,1,0,0,0,WORKING,FALSE,WORKING,FALSE,FALSE,BLOCKED,TRUE,FALSE,0,,0,,,,,
36.35,INSPECTING,INSPECTING,0,1,0,0,0,WORKING,FALSE,WORKING,FALSE,FALSE,WORKING,FALSE,FALSE,0,,0,,,,,
36.39,INSPECTING,INSPECTING,0,0,0,0,0,WORKING,FALSE,BLOCKED,TRUE,FALSE,WORKING,FALSE,FALSE,0,,0,,,,,
36.64,INSPECTING,INSPECTING,1,0,0,1,0,WORKING,FALSE,BLOCKED,TRUE,FALSE,WORKING,FALSE,FALSE,0,,0,,,,,
38.55,INSPECTING,INSPECTING,1,0,0,0,0,WORKING,FALSE,BLOCKED,TRUE,FALSE,BLOCKED,TRUE,FALSE,0,,0,,,,,
39.27,INSPECTING,INSPECTING,1,0,0,0,0,WORKING,FALSE,BLOCKED,TRUE,FALSE,WORKING,FALSE,FALSE,0,,0,,,,,
41.28,INSPECTING,INSPECTING,1,0,0,0,0,WORKING,FALSE,BLOCKED,TRUE,FALSE,BLOCKED,FALSE,FALSE,0,,0,,,,,
45.21,INSPECTING,INSPECTING,2,1,0,0,0,WORKING,FALSE,BLOCKED,TRUE,FALSE,BLOCKED,FALSE,FALSE,0,,0,,,,,
49.18,INSPECTING,INSPECTING,1,1,0,0,0,WORKING,FALSE,BLOCKED,TRUE,FALSE,BLOCKED,FALSE,FALSE,0,,0,,,,,
51.55,INSPECTING,INSPECTING,0,1,0,0,0,WORKING,FALSE,BLOCKED,TRUE,FALSE,BLOCKED,FALSE,FALSE,0,,0,,,,,
52.32,INSPECTING,INSPECTING,0,1,0,0,0,BLOCKED,FALSE,BLOCKED,TRUE,FALSE,BLOCKED,FALSE,FALSE,0,,0,,,,,
53.9,INSPECTING,INSPECTING,0,2,0,0,0,WORKING,FALSE,BLOCKED,TRUE,FALSE,BLOCKED,FALSE,FALSE,0,,0,,,,,
61.27,INSPECTING,INSPECTING,2,2,0,0,0,WORKING,FALSE,BLOCKED,TRUE,FALSE,BLOCKED,FALSE,FALSE,0,,0,,,,,
64.32,BLOCKED,INSPECTING,2,2,0,0,0,WORKING,FALSE,BLOCKED,TRUE,FALSE,BLOCKED,FALSE,FALSE,1.41,,0,,,,,
65.73,BLOCKED,INSPECTING,2,2,0,0,0,WORKING,FALSE,WORKING,FALSE,FALSE,BLOCKED,FALSE,FALSE,0.01,,0,,,,,
65.74,INSPECTING,INSPECTING,2,2,0,0,0,WORKING,FALSE,WORKING,FALSE,FALSE,BLOCKED,TRUE,FALSE,0,,0,,,,,
66.49,INSPECTING,INSPECTING,2,1,0,0,0,WORKING,FALSE,BLOCKED,TRUE,FALSE,BLOCKED,TRUE,FALSE,0,,0,,,,,
68.01,INSPECTING,INSPECTING,1,1,0,0,0,WORKING,FALSE,BLOCKED,TRUE,FALSE,BLOCKED,TRUE,FALSE,0,,0,,,,,
72.57,INSPECTING,INSPECTING,1,1,0,0,0,WORKING,FALSE,BLOCKED,TRUE,FALSE,WORKING,FALSE,FALSE,0,,0,,,,,
73.36,INSPECTING,INSPECTING,0,1,0,0,0,WORKING,FALSE,BLOCKED,TRUE,FALSE,WORKING,FALSE,FALSE,0,,0,,,,,
73.47,INSPECTING,INSPECTING,0,1,0,0,0,WORKING,FALSE,BLOCKED,TRUE,FALSE,BLOCKED,FALSE,FALSE,0,,0,,,,,
74.51,INSPECTING,INSPECTING,1,2,0,0,0,WORKING,FALSE,BLOCKED,TRUE,FALSE,BLOCKED,FALSE,FALSE,0,,0,,,,,
78.3,INSPECTING,INSPECTING,2,2,0,0,0,WORKING,FALSE,BLOCKED,TRUE,FALSE,BLOCKED,FALSE,FALSE,0,,0,,,,,
80.09,BLOCKED,INSPECTING,2,2,0,0,0,WORKING,FALSE,BLOCKED,TRUE,FALSE,BLOCKED,FALSE,FALSE,1.17,,0,,,,,
81.26,BLOCKED,INSPECTING,1,2,0,0,0,WORKING,FALSE,BLOCKED,TRUE,FALSE,BLOCKED,FALSE,FALSE,0.01,,0,,,,,
81.27,INSPECTING,INSPECTING,2,2,0,0,0,WORKING,FALSE,BLOCKED,TRUE,FALSE,BLOCKED,FALSE,FALSE,0,,0,,,,,
83.07,BLOCKED,INSPECTING,2,2,0,0,0,WORKING,FALSE,BLOCKED,TRUE,FALSE,BLOCKED,FALSE,FALSE,16.51,,0,,,,,
99.58,BLOCKED,INSPECTING,1,2,0,0,0,WORKING,FALSE,BLOCKED,TRUE,FALSE,BLOCKED,FALSE,FALSE,0.01,,0,,,,,
99.59,INSPECTING,INSPECTING,2,2,0,0,0,WORKING,FALSE,BLOCKED,TRUE,FALSE,BLOCKED,FALSE,FALSE,0,,0,,,,,
99.6,INSPECTING,INSPECTING,1,2,0,0,0,WORKING,FALSE,BLOCKED,TRUE,FALSE,BLOCKED,FALSE,FALSE,0,,0,,,,,
110.69,INSPECTING,INSPECTING,2,2,0,0,0,WORKING,FALSE,BLOCKED,TRUE,FALSE,BLOCKED,FALSE,FALSE,0,,0,,,,,
111.33,INSPECTING,INSPECTING,1,2,0,0,0,WORKING,FALSE,BLOCKED,TRUE,FALSE,BLOCKED,FALSE,FALSE,0,,0,,,,,
111.57,INSPECTING,INSPECTING,0,2,0,0,0,WORKING,FALSE,BLOCKED,TRUE,FALSE,BLOCKED,FALSE,FALSE,0,,0,,,,,
111.85,INSPECTING,INSPECTING,0,2,0,0,0,WORKING,FALSE,WORKING,FALSE,FALSE,BLOCKED,FALSE,FALSE,0,,0,,,,,
111.86,INSPECTING,INSPECTING,0,1,0,0,0,WORKING,FALSE,BLOCKED,TRUE,FALSE,BLOCKED,FALSE,FALSE,0,,0,,,,,
115.38,INSPECTING,INSPECTING,1,2,0,0,0,WORKING,FALSE,BLOCKED,TRUE,FALSE,BLOCKED,FALSE,FALSE,0,,0,,,,,
116.97,INSPECTING,INSPECTING,2,2,0,0,0,WORKING,FALSE,BLOCKED,TRUE,FALSE,BLOCKED,FALSE,FALSE,0,,0,,,,,
122.16,INSPECTING,INSPECTING,1,2,0,0,0,WORKING,FALSE,BLOCKED,TRUE,FALSE,BLOCKED,FALSE,FALSE,0,,0,,,,,
122.4,INSPECTING,INSPECTING,1,2,0,0,0,WORKING,FALSE,WORKING,FALSE,FALSE,BLOCKED,FALSE,FALSE,0,,0,,,,,
123,INSPECTING,INSPECTING,0,2,0,0,0,WORKING,FALSE,WORKING,FALSE,FALSE,BLOCKED,FALSE,FALSE,0,,0,,,,,
126.03,INSPECTING,INSPECTING,0,2,0,0,0,BLOCKED,FALSE,WORKING,FALSE,FALSE,BLOCKED,FALSE,FALSE,0,,0,,,,,
126.38,INSPECTING,INSPECTING,0,2,0,0,0,WORKING,FALSE,WORKING,FALSE,FALSE,BLOCKED,TRUE,FALSE,0,,0,,,,,
127.84,INSPECTING,INSPECTING,0,2,0,0,0,BLOCKED,FALSE,WORKING,FALSE,FALSE,BLOCKED,TRUE,FALSE,0,,0,,,,,
139.16,INSPECTING,INSPECTING,0,2,0,1,0,WORKING,FALSE,WORKING,FALSE,FALSE,BLOCKED,TRUE,FALSE,0,,0,,,,,
139.25,INSPECTING,INSPECTING,1,2,0,2,0,WORKING,FALSE,WORKING,FALSE,FALSE,BLOCKED,TRUE,FALSE,0,,0,,,,,
140.84,INSPECTING,INSPECTING,1,1,0,2,0,WORKING,FALSE,BLOCKED,TRUE,FALSE,BLOCKED,TRUE,FALSE,0,,0,,,,,
143.37,INSPECTING,INSPECTING,2,1,0,2,0,WORKING,FALSE,BLOCKED,TRUE,FALSE,BLOCKED,TRUE,FALSE,0,,0,,,,,
145.23,INSPECTING,INSPECTING,1,1,0,2,0,WORKING,FALSE,BLOCKED,TRUE,FALSE,BLOCKED,TRUE,FALSE,0,,0,,,,,
146.85,INSPECTING,INSPECTING,2,1,0,2,0,WORKING,FALSE,BLOCKED,TRUE,FALSE,BLOCKED,TRUE,FALSE,0,,0,,,,,
147.76,INSPECTING,INSPECTING,1,1,0,2,0,WORKING,FALSE,BLOCKED,TRUE,FALSE,BLOCKED,TRUE,FALSE,0,,0,,,,,
148.84,INSPECTING,INSPECTING,0,1,0,2,0,WORKING,FALSE,BLOCKED,TRUE,FALSE,BLOCKED,TRUE,FALSE,0,,0,,,,,
151.19,INSPECTING,INSPECTING,2,1,0,2,0,WORKING,FALSE,BLOCKED,TRUE,FALSE,BLOCKED,TRUE,FALSE,0,,0,,,,,
156.25,INSPECTING,INSPECTING,1,1,0,2,0,WORKING,FALSE,BLOCKED,TRUE,FALSE,BLOCKED,TRUE,FALSE,0,,0,,,,,
160.3,INSPECTING,INSPECTING,0,1,0,2,0,WORKING,FALSE,BLOCKED,TRUE,FALSE,BLOCKED,TRUE,FALSE,0,,0,,,,,
164,INSPECTING,INSPECTING,2,1,0,2,0,WORKING,FALSE,BLOCKED,TRUE,FALSE,BLOCKED,TRUE,FALSE,0,,0,,,,,
164.18,INSPECTING,INSPECTING,1,1,0,2,0,WORKING,FALSE,BLOCKED,TRUE,FALSE,BLOCKED,TRUE,FALSE,0,,0,,,,,
166.69,INSPECTING,INSPECTING,0,1,0,2,0,WORKING,FALSE,BLOCKED,TRUE,FALSE,BLOCKED,TRUE,FALSE,0,,0,,,,,
171,INSPECTING,INSPECTING,0,1,0,2,0,BLOCKED,FALSE,BLOCKED,TRUE,FALSE,BLOCKED,TRUE,FALSE,0,,0,,,,,
175.69,INSPECTING,INSPECTING,1,1,0,2,0,WORKING,FALSE,BLOCKED,TRUE,FALSE,BLOCKED,TRUE,FALSE,0,,0,,,,,
180.42,INSPECTING,INSPECTING,0,1,0,2,0,WORKING,FALSE,BLOCKED,TRUE,FALSE,BLOCKED,TRUE,FALSE,0,,0,,,,,
181.85,INSPECTING,INSPECTING,0,1,0,2,0,WORKING,FALSE,BLOCKED,TRUE,FALSE,WORKING,FALSE,FALSE,0,,0,,,,,
182.78,INSPECTING,INSPECTING,0,1,0,2,0,BLOCKED,FALSE,BLOCKED,TRUE,FALSE,WORKING,FALSE,FALSE,0,,0,,,,,
183.44,INSPECTING,INSPECTING,0,1,0,2,1,BLOCKED,FALSE,BLOCKED,TRUE,FALSE,WORKING,FALSE,FALSE,0,,0,,,,,
191.13,INSPECTING,INSPECTING,0,1,0,2,2,BLOCKED,FALSE,BLOCKED,TRUE,FALSE,WORKING,FALSE,FALSE,0,,0,,,,,
199.22,INSPECTING,INSPECTING,0,2,0,2,2,WORKING,FALSE,BLOCKED,TRUE,FALSE,WORKING,FALSE,FALSE,0,,0,,,,,
203.28,INSPECTING,INSPECTING,0,2,0,2,2,WORKING,FALSE,WORKING,FALSE,FALSE,WORKING,FALSE,FALSE,0,,0,,,,,
205.28,INSPECTING,INSPECTING,0,2,0,1,1,WORKING,FALSE,WORKING,FALSE,FALSE,WORKING,FALSE,FALSE,0,,0,,,,,
205.52,INSPECTING,INSPECTING,0,1,0,1,1,WORKING,FALSE,BLOCKED,TRUE,FALSE,WORKING,FALSE,FALSE,0,,0,,,,,
208.81,INSPECTING,INSPECTING,0,1,0,1,1,BLOCKED,FALSE,BLOCKED,TRUE,FALSE,WORKING,FALSE,FALSE,0,,0,,,,,
212.77,INSPECTING,INSPECTING,0,1,0,0,0,BLOCKED,FALSE,BLOCKED,TRUE,FALSE,WORKING,FALSE,FALSE,0,,0,,,,,
217.43,INSPECTING,INSPECTING,0,2,0,0,0,WORKING,FALSE,BLOCKED,TRUE,FALSE,WORKING,FALSE,FALSE,0,,0,,,,,
221.66,INSPECTING,INSPECTING,0,2,0,0,0,WORKING,FALSE,WORKING,FALSE,FALSE,WORKING,FALSE,FALSE,0,,0,,,,,
221.83,INSPECTING,INSPECTING,0,2,0,0,0,BLOCKED,FALSE,WORKING,FALSE,FALSE,WORKING,FALSE,FALSE,0,,0,,,,,
222.69,INSPECTING,INSPECTING,0,1,0,0,0,BLOCKED,FALSE,BLOCKED,TRUE,FALSE,WORKING,FALSE,FALSE,0,,0,,,,,
225.03,INSPECTING,INSPECTING,0,1,0,0,0,BLOCKED,FALSE,BLOCKED,TRUE,FALSE,BLOCKED,FALSE,FALSE,0,,0,,,,,
225.9,INSPECTING,INSPECTING,0,2,0,0,0,WORKING,FALSE,BLOCKED,TRUE,FALSE,BLOCKED,FALSE,FALSE,0,,0,,,,,
230.8,INSPECTING,INSPECTING,0,2,0,0,0,BLOCKED,FALSE,BLOCKED,TRUE,FALSE,BLOCKED,FALSE,FALSE,0,,0,,,,,
234.64,INSPECTING,INSPECTING,1,2,0,0,0,WORKING,FALSE,BLOCKED,TRUE,FALSE,BLOCKED,FALSE,FALSE,0,,0,,,,,
236.35,INSPECTING,INSPECTING,2,2,0,0,0,WORKING,FALSE,BLOCKED,TRUE,FALSE,BLOCKED,FALSE,FALSE,0,,0,,,,,
237.77,BLOCKED,INSPECTING,2,2,0,0,0,WORKING,FALSE,BLOCKED,TRUE,FALSE,BLOCKED,FALSE,FALSE,1.27,,0,,,,,
239.04,BLOCKED,INSPECTING,1,2,0,0,0,WORKING,FALSE,BLOCKED,TRUE,FALSE,BLOCKED,FALSE,FALSE,0.01,,0,,,,,
239.05,INSPECTING,INSPECTING,2,2,0,0,0,WORKING,FALSE,BLOCKED,TRUE,FALSE,BLOCKED,FALSE,FALSE,0,,0,,,,,
246.22,INSPECTING,INSPECTING,1,2,0,0,0,WORKING,FALSE,BLOCKED,TRUE,FALSE,BLOCKED,FALSE,FALSE,0,,0,,,,,
246.82,INSPECTING,INSPECTING,2,2,0,0,0,WORKING,FALSE,BLOCKED,TRUE,FALSE,BLOCKED,FALSE,FALSE,0,,0,,,,,
247.46,INSPECTING,INSPECTING,1,2,0,0,0,WORKING,FALSE,BLOCKED,TRUE,FALSE,BLOCKED,FALSE,FALSE,0,,0,,,,,
251.11,INSPECTING,INSPECTING,0,2,0,0,0,WORKING,FALSE,BLOCKED,TRUE,FALSE,BLOCKED,FALSE,FALSE,0,,0,,,,,
257.17,INSPECTING,INSPECTING,0,2,0,0,0,BLOCKED,FALSE,BLOCKED,TRUE,FALSE,BLOCKED,FALSE,FALSE,0,,0,,,,,
262.29,INSPECTING,INSPECTING,1,2,0,0,0,WORKING,FALSE,BLOCKED,TRUE,FALSE,BLOCKED,FALSE,FALSE,0,,0,,,,,
263.14,INSPECTING,INSPECTING,2,2,0,0,0,WORKING,FALSE,BLOCKED,TRUE,FALSE,BLOCKED,FALSE,FALSE,0,,0,,,,,
269.08,INSPECTING,INSPECTING,2,2,0,0,0,WORKING,FALSE,WORKING,FALSE,FALSE,BLOCKED,FALSE,FALSE,0,,0,,,,,
272.47,INSPECTING,INSPECTING,2,2,0,0,0,WORKING,FALSE,WORKING,FALSE,FALSE,BLOCKED,FALSE,TRUE,0,,0,,,,,
272.91,INSPECTING,INSPECTING,2,1,0,0,0,WORKING,FALSE,BLOCKED,TRUE,FALSE,BLOCKED,FALSE,TRUE,0,,0,,,,,
273.06,INSPECTING,INSPECTING,1,1,0,0,0,WORKING,FALSE,BLOCKED,TRUE,FALSE,BLOCKED,FALSE,TRUE,0,,0,,,,,
275.32,INSPECTING,INSPECTING,0,1,0,0,0,WORKING,FALSE,BLOCKED,TRUE,FALSE,BLOCKED,FALSE,TRUE,0,,0,,,,,
279.66,INSPECTING,INSPECTING,0,1,0,0,0,BLOCKED,FALSE,BLOCKED,TRUE,FALSE,BLOCKED,FALSE,TRUE,0,,0,,,,,
279.86,INSPECTING,INSPECTING,0,1,0,0,0,WORKING,FALSE,BLOCKED,TRUE,FALSE,WORKING,FALSE,FALSE,0,,0,,,,,
285.26,INSPECTING,INSPECTING,0,1,0,0,0,WORKING,FALSE,WORKING,FALSE,FALSE,WORKING,FALSE,FALSE,0,,0,,,,,
286.41,INSPECTING,INSPECTING,0,1,0,0,0,BLOCKED,FALSE,WORKING,FALSE,FALSE,WORKING,FALSE,FALSE,0,,0,,,,,
288.3,INSPECTING,INSPECTING,0,1,0,1,0,WORKING,FALSE,WORKING,FALSE,FALSE,WORKING,FALSE,FALSE,0,,0,,,,,
289.05,INSPECTING,INSPECTING,0,1,0,1,1,WORKING,FALSE,WORKING,FALSE,FALSE,WORKING,FALSE,FALSE,0,,0,,,,,
291.92,INSPECTING,INSPECTING,0,1,1,1,1,WORKING,FALSE,WORKING,FALSE,FALSE,WORKING,FALSE,FALSE,0,,0,,,,,
295.73,INSPECTING,INSPECTING,0,1,1,1,1,BLOCKED,FALSE,WORKING,FALSE,FALSE,WORKING,FALSE,FALSE,0,,0,,,,,
300.62,INSPECTING,INSPECTING,0,1,1,0,0,BLOCKED,FALSE,WORKING,FALSE,FALSE,WORKING,FALSE,FALSE,0,,0,,,,,
304.18,INSPECTING,INSPECTING,0,1,1,1,0,WORKING,FALSE,WORKING,FALSE,FALSE,WORKING,FALSE,FALSE,0,,0,,,,,
306.76,INSPECTING,INSPECTING,1,1,1,2,0,WORKING,FALSE,WORKING,FALSE,FALSE,WORKING,FALSE,FALSE,0,,0,,,,,
307.6,INSPECTING,INSPECTING,1,1,1,2,1,WORKING,FALSE,WORKING,FALSE,FALSE,WORKING,FALSE,FALSE,0,,0,,,,,
307.73,INSPECTING,INSPECTING,0,1,1,2,1,WORKING,FALSE,WORKING,FALSE,FALSE,WORKING,FALSE,FALSE,0,,0,,,,,
310.19,INSPECTING,INSPECTING,0,1,1,1,0,WORKING,FALSE,WORKING,FALSE,FALSE,WORKING,FALSE,FALSE,0,,0,,,,,
311.31,INSPECTING,INSPECTING,0,1,1,0,0,WORKING,FALSE,WORKING,FALSE,FALSE,BLOCKED,TRUE,FALSE,0,,0,,,,,
312.21,INSPECTING,INSPECTING,1,1,1,1,0,WORKING,FALSE,WORKING,FALSE,FALSE,BLOCKED,TRUE,FALSE,0,,0,,,,,
314.5,INSPECTING,INSPECTING,1,0,0,1,0,WORKING,FALSE,WORKING,FALSE,FALSE,BLOCKED,TRUE,FALSE,0,,0,,,,,
316.13,INSPECTING,INSPECTING,0,0,0,1,0,WORKING,FALSE,WORKING,FALSE,FALSE,BLOCKED,TRUE,FALSE,0,,0,,,,,
321.39,INSPECTING,INSPECTING,0,0,0,1,0,WORKING,FALSE,WORKING,FALSE,FALSE,WORKING,FALSE,FALSE,0,,0,,,,,
321.4,INSPECTING,INSPECTING,0,0,0,1,0,WORKING,FALSE,BLOCKED,FALSE,FALSE,WORKING,FALSE,FALSE,0,,0,,,,,
322.53,INSPECTING,INSPECTING,0,0,0,1,0,BLOCKED,FALSE,BLOCKED,FALSE,FALSE,WORKING,FALSE,FALSE,0,,0,,,,,
323.71,INSPECTING,INSPECTING,0,0,0,1,0,WORKING,FALSE,BLOCKED,TRUE,FALSE,WORKING,FALSE,FALSE,0,,0,,,,,
324.64,INSPECTING,INSPECTING,0,0,0,1,0,BLOCKED,FALSE,BLOCKED,TRUE,FALSE,WORKING,FALSE,FALSE,0,,0,,,,,
325.66,INSPECTING,INSPECTING,0,0,0,0,0,BLOCKED,FALSE,BLOCKED,TRUE,FALSE,BLOCKED,TRUE,FALSE,0,,0,,,,,
326.96,INSPECTING,INSPECTING,0,1,0,0,0,WORKING,FALSE,BLOCKED,TRUE,FALSE,BLOCKED,TRUE,FALSE,0,,0,,,,,
328.23,INSPECTING,INSPECTING,0,1,0,0,0,BLOCKED,FALSE,BLOCKED,TRUE,FALSE,BLOCKED,TRUE,FALSE,0,,0,,,,,
346.74,INSPECTING,INSPECTING,0,2,0,0,0,WORKING,FALSE,BLOCKED,TRUE,FALSE,BLOCKED,TRUE,FALSE,0,,0,,,,,
363.03,INSPECTING,INSPECTING,0,2,0,0,0,BLOCKED,FALSE,BLOCKED,TRUE,FALSE,BLOCKED,TRUE,FALSE,0,,0,,,,,
365.62,INSPECTING,INSPECTING,0,2,0,0,0,BLOCKED,FALSE,WORKING,FALSE,FALSE,BLOCKED,TRUE,FALSE,0,,0,,,,,
368.65,INSPECTING,INSPECTING,0,1,0,0,0,BLOCKED,FALSE,BLOCKED,TRUE,FALSE,BLOCKED,TRUE,FALSE,0,,0,,,,,
373.79,INSPECTING,INSPECTING,0,1,0,0,0,BLOCKED,FALSE,WORKING,FALSE,FALSE,BLOCKED,TRUE,FALSE,0,,0,,,,,
377.77,INSPECTING,INSPECTING,0,1,0,1,0,WORKING,FALSE,WORKING,FALSE,FALSE,BLOCKED,TRUE,FALSE,0,,0,,,,,
378.14,INSPECTING,INSPECTING,1,1,0,2,0,WORKING,FALSE,WORKING,FALSE,FALSE,BLOCKED,TRUE,FALSE,0,,0,,,,,
379.99,INSPECTING,INSPECTING,2,1,0,2,0,WORKING,FALSE,WORKING,FALSE,FALSE,BLOCKED,TRUE,FALSE,0,,0,,,,,
382.21,INSPECTING,INSPECTING,1,1,0,2,0,WORKING,FALSE,WORKING,FALSE,FALSE,BLOCKED,TRUE,FALSE,0,,0,,,,,
384.42,INSPECTING,INSPECTING,1,0,0,2,0,WORKING,FALSE,BLOCKED,TRUE,FALSE,BLOCKED,TRUE,FALSE,0,,0,,,,,
390.74,INSPECTING,INSPECTING,0,0,0,2,0,WORKING,FALSE,BLOCKED,TRUE,FALSE,BLOCKED,TRUE,FALSE,0,,0,,,,,
392.04,INSPECTING,INSPECTING,0,0,0,2,0,BLOCKED,FALSE,BLOCKED,TRUE,FALSE,BLOCKED,TRUE,FALSE,0,,0,,,,,
393.91,INSPECTING,INSPECTING,1,0,0,2,0,WORKING,FALSE,BLOCKED,TRUE,FALSE,BLOCKED,TRUE,FALSE,0,,0,,,,,
396.52,INSPECTING,INSPECTING,0,0,0,2,0,WORKING,FALSE,BLOCKED,TRUE,FALSE,BLOCKED,TRUE,FALSE,0,,0,,,,,
402.06,INSPECTING,INSPECTING,0,0,0,2,0,BLOCKED,FALSE,BLOCKED,TRUE,FALSE,BLOCKED,TRUE,FALSE,0,,0,,,,,
402.95,INSPECTING,INSPECTING,1,0,0,2,0,WORKING,FALSE,BLOCKED,TRUE,FALSE,BLOCKED,TRUE,FALSE,0,,0,,,,,
403.16,INSPECTING,INSPECTING,1,0,0,2,0,WORKING,FALSE,BLOCKED,TRUE,FALSE,WORKING,FALSE,FALSE,0,,0,,,,,
403.57,INSPECTING,INSPECTING,1,0,0,1,0,WORKING,FALSE,BLOCKED,TRUE,FALSE,BLOCKED,TRUE,FALSE,0,,0,,,,,
412.71,INSPECTING,INSPECTING,0,0,0,1,0,WORKING,FALSE,BLOCKED,TRUE,FALSE,BLOCKED,TRUE,FALSE,0,,0,,,,,
418.17,INSPECTING,INSPECTING,1,1,0,1,0,WORKING,FALSE,BLOCKED,TRUE,FALSE,BLOCKED,TRUE,FALSE,0,,0,,,,,
418.76,INSPECTING,INSPECTING,0,1,0,1,0,WORKING,FALSE,BLOCKED,TRUE,FALSE,BLOCKED,TRUE,FALSE,0,,0,,,,,
427.19,INSPECTING,INSPECTING,1,2,0,1,0,WORKING,FALSE,BLOCKED,TRUE,FALSE,BLOCKED,TRUE,FALSE,0,,0,,,,,
429.63,INSPECTING,INSPECTING,2,2,0,1,0,WORKING,FALSE,BLOCKED,TRUE,FALSE,BLOCKED,TRUE,FALSE,0,,0,,,,,
430.21,INSPECTING,INSPECTING,1,2,0,1,0,WORKING,FALSE,BLOCKED,TRUE,FALSE,BLOCKED,TRUE,FALSE,0,,0,,,,,
432.27,INSPECTING,INSPECTING,2,2,0,1,0,WORKING,FALSE,BLOCKED,TRUE,FALSE,BLOCKED,TRUE,FALSE,0,,0,,,,,
432.94,INSPECTING,INSPECTING,1,2,0,1,0,WORKING,FALSE,BLOCKED,TRUE,FALSE,BLOCKED,TRUE,FALSE,0,,0,,,,,
434.15,INSPECTING,INSPECTING,0,2,0,1,0,WORKING,FALSE,BLOCKED,TRUE,FALSE,BLOCKED,TRUE,FALSE,0,,0,,,,,
435.62,INSPECTING,INSPECTING,0,2,0,1,0,BLOCKED,FALSE,BLOCKED,TRUE,FALSE,BLOCKED,TRUE,FALSE,0,,0,,,,,
438.39,INSPECTING,INSPECTING,1,2,0,1,0,WORKING,FALSE,BLOCKED,TRUE,FALSE,BLOCKED,TRUE,FALSE,0,,0,,,,,
438.68,INSPECTING,INSPECTING,0,2,0,1,0,WORKING,FALSE,BLOCKED,TRUE,FALSE,BLOCKED,TRUE,FALSE,0,,0,,,,,
442.75,INSPECTING,INSPECTING,0,2,0,1,0,BLOCKED,FALSE,BLOCKED,TRUE,FALSE,BLOCKED,TRUE,FALSE,0,,0,,,,,
444.21,INSPECTING,INSPECTING,0,2,0,1,0,BLOCKED,FALSE,WORKING,FALSE,FALSE,BLOCKED,TRUE,FALSE,0,,0,,,,,
446.15,INSPECTING,INSPECTING,0,2,0,2,0,WORKING,FALSE,WORKING,FALSE,FALSE,BLOCKED,TRUE,FALSE,0,,0,,,,,
452.51,INSPECTING,INSPECTING,0,2,0,2,0,BLOCKED,FALSE,WORKING,FALSE,FALSE,BLOCKED,TRUE,FALSE,0,,0,,,,,
465.33,INSPECTING,INSPECTING,0,2,0,2,0,BLOCKED,FALSE,WORKING,FALSE,FALSE,WORKING,FALSE,FALSE,0,,0,,,,,
470.13,INSPECTING,INSPECTING,0,1,0,2,0,BLOCKED,FALSE,BLOCKED,TRUE,FALSE,WORKING,FALSE,FALSE,0,,0,,,,,
475.92,INSPECTING,INSPECTING,0,2,0,2,0,WORKING,FALSE,BLOCKED,TRUE,FALSE,WORKING,FALSE,FALSE,0,,0,,,,,
476.49,INSPECTING,INSPECTING,2,2,0,2,0,WORKING,FALSE,BLOCKED,TRUE,FALSE,WORKING,FALSE,FALSE,0,,0,,,,,
486.2,INSPECTING,INSPECTING,2,2,0,1,0,WORKING,FALSE,BLOCKED,TRUE,FALSE,BLOCKED,TRUE,FALSE,0,,0,,,,,
486.83,INSPECTING,INSPECTING,1,2,0,1,0,WORKING,FALSE,BLOCKED,TRUE,FALSE,BLOCKED,TRUE,FALSE,0,,0,,,,,
487.43,INSPECTING,INSPECTING,0,2,0,1,0,WORKING,FALSE,BLOCKED,TRUE,FALSE,BLOCKED,TRUE,FALSE,0,,0,,,,,
495.71,INSPECTING,INSPECTING,0,2,0,1,0,BLOCKED,FALSE,BLOCKED,TRUE,FALSE,BLOCKED,TRUE,FALSE,0,,0,,,,,
511.86,INSPECTING,INSPECTING,1,2,0,1,0,WORKING,FALSE,BLOCKED,TRUE,FALSE,BLOCKED,TRUE,FALSE,0,,0,,,,,
517.17,INSPECTING,INSPECTING,0,2,0,1,0,WORKING,FALSE,BLOCKED,TRUE,FALSE,BLOCKED,TRUE,FALSE,0,,0,,,,,
518.64,INSPECTING,INSPECTING,0,2,0,1,0,WORKING,FALSE,WORKING,FALSE,FALSE,BLOCKED,TRUE,FALSE,0,,0,,,,,
521.37,INSPECTING,INSPECTING,1,2,0,2,0,WORKING,FALSE,WORKING,FALSE,FALSE,BLOCKED,TRUE,FALSE,0,,0,,,,,
522.3,INSPECTING,INSPECTING,0,2,0,2,0,WORKING,FALSE,WORKING,FALSE,FALSE,BLOCKED,TRUE,FALSE,0,,0,,,,,
528.81,INSPECTING,INSPECTING,0,2,0,2,0,BLOCKED,FALSE,WORKING,FALSE,FALSE,BLOCKED,TRUE,FALSE,0,,0,,,,,
543.52,INSPECTING,INSPECTING,0,2,0,2,0,BLOCKED,FALSE,WORKING,FALSE,FALSE,WORKING,FALSE,FALSE,0,,0,,,,,
545.28,INSPECTING,INSPECTING,0,2,0,1,0,BLOCKED,FALSE,WORKING,FALSE,FALSE,BLOCKED,TRUE,FALSE,0,,0,,,,,
546.08,INSPECTING,INSPECTING,0,2,1,1,0,BLOCKED,FALSE,WORKING,FALSE,FALSE,BLOCKED,TRUE,FALSE,0,,0,,,,,
549.05,INSPECTING,INSPECTING,0,1,0,1,0,BLOCKED,FALSE,WORKING,FALSE,FALSE,BLOCKED,TRUE,FALSE,0,,0,,,,,
556.98,INSPECTING,INSPECTING,0,1,0,2,0,WORKING,FALSE,WORKING,FALSE,FALSE,BLOCKED,TRUE,FALSE,0,,0,,,,,
559.08,INSPECTING,INSPECTING,0,0,0,2,0,WORKING,FALSE,BLOCKED,TRUE,FALSE,BLOCKED,TRUE,FALSE,0,,0,,,,,
559.7,INSPECTING,INSPECTING,2,0,0,2,0,WORKING,FALSE,BLOCKED,TRUE,FALSE,BLOCKED,TRUE,FALSE,0,,0,,,,,
560.48,INSPECTING,INSPECTING,1,0,0,2,0,WORKING,FALSE,BLOCKED,TRUE,FALSE,BLOCKED,TRUE,FALSE,0,,0,,,,,
563.64,INSPECTING,INSPECTING,2,0,0,2,0,WORKING,FALSE,BLOCKED,TRUE,FALSE,BLOCKED,TRUE,FALSE,0,,0,,,,,
568.13,INSPECTING,INSPECTING,1,0,0,2,0,WORKING,FALSE,BLOCKED,TRUE,FALSE,BLOCKED,TRUE,FALSE,0,,0,,,,,
569.47,INSPECTING,INSPECTING,0,0,0,2,0,WORKING,FALSE,BLOCKED,TRUE,FALSE,BLOCKED,TRUE,FALSE,0,,0,,,,,
573.68,INSPECTING,INSPECTING,2,0,0,2,0,WORKING,FALSE,BLOCKED,TRUE,FALSE,BLOCKED,TRUE,FALSE,0,,0,,,,,
575.03,INSPECTING,INSPECTING,1,0,0,2,0,WORKING,FALSE,BLOCKED,TRUE,FALSE,BLOCKED,TRUE,FALSE,0,,0,,,,,
578.64,INSPECTING,INSPECTING,2,0,0,2,0,WORKING,FALSE,BLOCKED,TRUE,FALSE,BLOCKED,TRUE,FALSE,0,,0,,,,,
583.18,INSPECTING,INSPECTING,1,0,0,2,0,WORKING,FALSE,BLOCKED,TRUE,FALSE,BLOCKED,TRUE,FALSE,0,,0,,,,,
586.94,INSPECTING,INSPECTING,2,0,0,2,0,WORKING,FALSE,BLOCKED,TRUE,FALSE,BLOCKED,TRUE,FALSE,0,,0,,,,,
587.24,INSPECTING,INSPECTING,1,0,0,2,0,WORKING,FALSE,BLOCKED,TRUE,FALSE,BLOCKED,TRUE,FALSE,0,,0,,,,,
587.65,INSPECTING,INSPECTING,0,0,0,2,0,WORKING,FALSE,BLOCKED,TRUE,FALSE,BLOCKED,TRUE,FALSE,0,,0,,,,,
587.77,INSPECTING,INSPECTING,0,0,0,2,0,BLOCKED,FALSE,BLOCKED,TRUE,FALSE,BLOCKED,TRUE,FALSE,0,,0,,,,,
592.15,INSPECTING,INSPECTING,1,0,0,2,0,WORKING,FALSE,BLOCKED,TRUE,FALSE,BLOCKED,TRUE,FALSE,0,,0,,,,,
593.09,INSPECTING,INSPECTING,2,0,0,2,0,WORKING,FALSE,BLOCKED,TRUE,FALSE,BLOCKED,TRUE,FALSE,0,,0,,,,,
594.82,INSPECTING,INSPECTING,1,0,0,2,0,WORKING,FALSE,BLOCKED,TRUE,FALSE,BLOCKED,TRUE,FALSE,0,,0,,,,,
596.26,INSPECTING,INSPECTING,0,0,0,2,0,WORKING,FALSE,BLOCKED,TRUE,FALSE,BLOCKED,TRUE,FALSE,0,,0,,,,,
601.17,INSPECTING,INSPECTING,0,0,0,2,0,BLOCKED,FALSE,BLOCKED,TRUE,FALSE,BLOCKED,TRUE,FALSE,0,,0,,,,,
601.22,INSPECTING,INSPECTING,0,0,0,2,0,BLOCKED,FALSE,BLOCKED,TRUE,FALSE,WORKING,FALSE,FALSE,0,,0,,,,,
605.11,INSPECTING,INSPECTING,0,0,0,1,0,BLOCKED,FALSE,BLOCKED,TRUE,FALSE,BLOCKED,TRUE,FALSE,0,,0,,,,,
608.57,INSPECTING,INSPECTING,0,0,0,1,0,BLOCKED,FALSE,WORKING,FALSE,FALSE,BLOCKED,TRUE,FALSE,0,,0,,,,,
608.73,INSPECTING,INSPECTING,0,0,1,1,0,BLOCKED,FALSE,WORKING,FALSE,FALSE,BLOCKED,TRUE,FALSE,0,,0,,,,,
608.87,INSPECTING,INSPECTING,0,0,0,1,0,BLOCKED,FALSE,BLOCKED,FALSE,TRUE,BLOCKED,TRUE,FALSE,0,,0,,,,,
609.73,INSPECTING,INSPECTING,0,0,0,1,0,BLOCKED,FALSE,BLOCKED,FALSE,TRUE,WORKING,FALSE,FALSE,0,,0,,,,,
621.66,INSPECTING,INSPECTING,0,0,1,1,0,BLOCKED,FALSE,BLOCKED,FALSE,TRUE,WORKING,FALSE,FALSE,0,,0,,,,,
628.37,INSPECTING,INSPECTING,0,0,1,1,0,WORKING,FALSE,WORKING,FALSE,FALSE,WORKING,FALSE,FALSE,0,,0,,,,,
632.67,INSPECTING,INSPECTING,0,0,1,0,0,WORKING,FALSE,WORKING,FALSE,FALSE,BLOCKED,TRUE,FALSE,0,,0,,,,,
635.18,INSPECTING,INSPECTING,0,0,1,0,0,BLOCKED,FALSE,WORKING,FALSE,FALSE,BLOCKED,TRUE,FALSE,0,,0,,,,,
639.38,INSPECTING,INSPECTING,0,0,0,0,0,BLOCKED,FALSE,BLOCKED,FALSE,TRUE,BLOCKED,TRUE,FALSE,0,,0,,,,,
656.33,INSPECTING,INSPECTING,0,0,0,0,0,WORKING,FALSE,WORKING,FALSE,FALSE,BLOCKED,TRUE,FALSE,0,,0,,,,,
658.54,INSPECTING,INSPECTING,0,0,0,0,0,WORKING,FALSE,WORKING,FALSE,FALSE,WORKING,FALSE,FALSE,0,,0,,,,,
662.68,INSPECTING,INSPECTING,0,0,1,0,0,WORKING,FALSE,WORKING,FALSE,FALSE,WORKING,FALSE,FALSE,0,,0,,,,,
663.15,INSPECTING,INSPECTING,0,0,1,0,0,BLOCKED,FALSE,WORKING,FALSE,FALSE,WORKING,FALSE,FALSE,0,,0,,,,,
663.78,INSPECTING,INSPECTING,0,0,1,0,0,BLOCKED,FALSE,WORKING,FALSE,FALSE,BLOCKED,FALSE,FALSE,0,,0,,,,,
664.95,INSPECTING,INSPECTING,0,0,0,0,0,BLOCKED,FALSE,BLOCKED,FALSE,TRUE,BLOCKED,FALSE,FALSE,0,,0,,,,,
666.7,INSPECTING,INSPECTING,0,0,0,0,0,WORKING,FALSE,WORKING,FALSE,FALSE,BLOCKED,FALSE,FALSE,0,,0,,,,,
670.51,INSPECTING,INSPECTING,0,0,0,0,0,WORKING,FALSE,BLOCKED,FALSE,FALSE,BLOCKED,FALSE,FALSE,0,,0,,,,,
673.2,INSPECTING,INSPECTING,0,0,0,0,0,BLOCKED,FALSE,BLOCKED,FALSE,FALSE,BLOCKED,FALSE,FALSE,0,,0,,,,,
673.4,INSPECTING,INSPECTING,0,0,0,0,0,WORKING,FALSE,BLOCKED,FALSE,FALSE,BLOCKED,TRUE,FALSE,0,,0,,,,,
675.54,INSPECTING,INSPECTING,0,0,0,0,0,BLOCKED,FALSE,BLOCKED,FALSE,FALSE,BLOCKED,TRUE,FALSE,0,,0,,,,,
680.73,INSPECTING,INSPECTING,0,0,0,0,0,BLOCKED,FALSE,BLOCKED,FALSE,FALSE,WORKING,FALSE,FALSE,0,,0,,,,,
680.89,INSPECTING,INSPECTING,0,0,0,1,0,WORKING,FALSE,BLOCKED,FALSE,FALSE,WORKING,FALSE,FALSE,0,,0,,,,,
684.24,INSPECTING,INSPECTING,0,0,0,1,0,BLOCKED,FALSE,BLOCKED,FALSE,FALSE,WORKING,FALSE,FALSE,0,,0,,,,,
688.61,INSPECTING,INSPECTING,0,0,0,2,0,WORKING,FALSE,BLOCKED,FALSE,FALSE,WORKING,FALSE,FALSE,0,,0,,,,,
692.86,INSPECTING,INSPECTING,0,0,0,1,0,WORKING,FALSE,BLOCKED,FALSE,FALSE,BLOCKED,TRUE,FALSE,0,,0,,,,,
694.96,INSPECTING,INSPECTING,0,0,0,1,0,WORKING,FALSE,BLOCKED,FALSE,FALSE,WORKING,FALSE,FALSE,0,,0,,,,,
695.6,INSPECTING,INSPECTING,0,0,0,1,1,WORKING,FALSE,BLOCKED,FALSE,FALSE,WORKING,FALSE,FALSE,0,,0,,,,,
696,INSPECTING,INSPECTING,0,0,0,0,0,WORKING,FALSE,BLOCKED,FALSE,FALSE,WORKING,FALSE,FALSE,0,,0,,,,,
697.06,INSPECTING,INSPECTING,0,0,0,0,0,WORKING,FALSE,BLOCKED,FALSE,FALSE,BLOCKED,FALSE,FALSE,0,,0,,,,,
704.74,INSPECTING,INSPECTING,0,0,0,0,0,BLOCKED,FALSE,BLOCKED,FALSE,FALSE,BLOCKED,FALSE,FALSE,0,,0,,,,,
706.19,INSPECTING,INSPECTING,0,0,0,0,0,WORKING,FALSE,BLOCKED,TRUE,FALSE,BLOCKED,FALSE,FALSE,0,,0,,,,,
708.06,INSPECTING,INSPECTING,0,0,0,0,0,BLOCKED,FALSE,BLOCKED,TRUE,FALSE,BLOCKED,FALSE,FALSE,0,,0,,,,,
715.72,INSPECTING,INSPECTING,0,0,0,0,0,BLOCKED,FALSE,WORKING,FALSE,FALSE,BLOCKED,FALSE,FALSE,0,,0,,,,,
718.88,INSPECTING,INSPECTING,0,0,0,0,0,WORKING,FALSE,WORKING,FALSE,FALSE,BLOCKED,TRUE,FALSE,0,,0,,,,,
719.3,INSPECTING,INSPECTING,0,0,0,0,0,WORKING,FALSE,WORKING,FALSE,FALSE,WORKING,FALSE,FALSE,0,,0,,,,,
721.06,INSPECTING,INSPECTING,0,0,0,0,1,WORKING,FALSE,WORKING,FALSE,FALSE,WORKING,FALSE,FALSE,0,,0,,,,,
721.48,INSPECTING,INSPECTING,0,0,0,0,1,WORKING,FALSE,BLOCKED,FALSE,FALSE,WORKING,FALSE,FALSE,0,,0,,,,,
721.78,INSPECTING,INSPECTING,0,0,0,0,0,WORKING,FALSE,BLOCKED,FALSE,FALSE,BLOCKED,FALSE,TRUE,0,,0,,,,,
723.41,INSPECTING,INSPECTING,1,0,0,0,0,WORKING,FALSE,BLOCKED,FALSE,FALSE,WORKING,FALSE,FALSE,0,,0,,,,,
723.58,INSPECTING,INSPECTING,1,0,0,0,0,WORKING,FALSE,BLOCKED,FALSE,FALSE,BLOCKED,FALSE,FALSE,0,,0,,,,,
725.35,INSPECTING,INSPECTING,0,0,0,0,0,WORKING,FALSE,BLOCKED,FALSE,FALSE,BLOCKED,FALSE,FALSE,0,,0,,,,,
734.78,INSPECTING,INSPECTING,0,0,0,0,0,WORKING,FALSE,BLOCKED,FALSE,TRUE,BLOCKED,FALSE,FALSE,0,,0,,,,,
735.07,INSPECTING,INSPECTING,0,0,1,0,0,WORKING,FALSE,BLOCKED,FALSE,TRUE,BLOCKED,FALSE,FALSE,0,,0,,,,,
735.41,INSPECTING,INSPECTING,1,0,1,0,0,WORKING,FALSE,WORKING,FALSE,FALSE,BLOCKED,FALSE,FALSE,0,,0,,,,,
735.59,INSPECTING,INSPECTING,1,0,2,0,0,WORKING,FALSE,WORKING,FALSE,FALSE,BLOCKED,FALSE,FALSE,0,,0,,,,,
737.61,INSPECTING,INSPECTING,0,0,2,0,0,WORKING,FALSE,WORKING,FALSE,FALSE,BLOCKED,FALSE,FALSE,0,,0,,,,,
738.08,INSPECTING,INSPECTING,0,0,2,0,0,BLOCKED,FALSE,WORKING,FALSE,FALSE,BLOCKED,FALSE,FALSE,0,,0,,,,,
745.88,INSPECTING,INSPECTING,0,0,2,0,0,WORKING,FALSE,WORKING,FALSE,FALSE,BLOCKED,TRUE,FALSE,0,,0,,,,,
746.78,INSPECTING,INSPECTING,0,0,1,0,0,WORKING,FALSE,BLOCKED,FALSE,TRUE,BLOCKED,TRUE,FALSE,0,,0,,,,,
747.26,INSPECTING,INSPECTING,0,0,1,0,0,BLOCKED,FALSE,BLOCKED,FALSE,TRUE,BLOCKED,TRUE,FALSE,0,,0,,,,,
749.06,INSPECTING,INSPECTING,0,0,1,0,0,WORKING,FALSE,WORKING,FALSE,FALSE,BLOCKED,TRUE,FALSE,0,,0,,,,,
762.3,INSPECTING,INSPECTING,0,0,1,0,0,WORKING,FALSE,WORKING,FALSE,FALSE,WORKING,FALSE,FALSE,0,,0,,,,,
765.09,INSPECTING,INSPECTING,0,0,1,0,0,BLOCKED,FALSE,WORKING,FALSE,FALSE,WORKING,FALSE,FALSE,0,,0,,,,,
765.4,INSPECTING,INSPECTING,0,0,1,0,0,BLOCKED,FALSE,WORKING,FALSE,FALSE,BLOCKED,FALSE,FALSE,0,,0,,,,,
765.61,INSPECTING,INSPECTING,0,0,0,0,0,BLOCKED,FALSE,BLOCKED,FALSE,TRUE,BLOCKED,FALSE,FALSE,0,,0,,,,,
772.36,INSPECTING,INSPECTING,0,0,1,0,0,BLOCKED,FALSE,BLOCKED,FALSE,TRUE,BLOCKED,FALSE,FALSE,0,,0,,,,,
779.94,INSPECTING,INSPECTING,0,0,1,0,0,WORKING,FALSE,WORKING,FALSE,FALSE,BLOCKED,FALSE,FALSE,0,,0,,,,,
780.26,INSPECTING,INSPECTING,0,0,1,0,0,BLOCKED,FALSE,WORKING,FALSE,FALSE,BLOCKED,FALSE,FALSE,0,,0,,,,,
785.34,INSPECTING,INSPECTING,0,1,1,0,0,WORKING,FALSE,WORKING,FALSE,FALSE,BLOCKED,FALSE,FALSE,0,,0,,,,,
786.37,INSPECTING,INSPECTING,1,2,1,0,0,WORKING,FALSE,WORKING,FALSE,FALSE,BLOCKED,FALSE,FALSE,0,,0,,,,,
786.95,INSPECTING,INSPECTING,0,2,1,0,0,WORKING,FALSE,WORKING,FALSE,FALSE,BLOCKED,FALSE,FALSE,0,,0,,,,,
788.06,INSPECTING,INSPECTING,2,2,1,0,0,WORKING,FALSE,WORKING,FALSE,FALSE,BLOCKED,FALSE,FALSE,0,,0,,,,,
789.32,INSPECTING,INSPECTING,2,1,0,0,0,WORKING,FALSE,WORKING,FALSE,FALSE,BLOCKED,FALSE,FALSE,0,,0,,,,,
791.92,INSPECTING,INSPECTING,2,1,1,0,0,WORKING,FALSE,WORKING,FALSE,FALSE,BLOCKED,FALSE,FALSE,0,,0,,,,,
798.95,INSPECTING,INSPECTING,2,1,1,0,0,WORKING,FALSE,WORKING,FALSE,FALSE,BLOCKED,FALSE,TRUE,0,,0,,,,,
799.78,INSPECTING,INSPECTING,2,1,1,0,0,WORKING,FALSE,WORKING,FALSE,FALSE,WORKING,FALSE,FALSE,0,,0,,,,,
800.74,INSPECTING,INSPECTING,2,1,1,0,0,WORKING,FALSE,WORKING,FALSE,FALSE,BLOCKED,FALSE,FALSE,0,,0,,,,,
801.17,INSPECTING,INSPECTING,2,2,1,0,0,WORKING,FALSE,WORKING,FALSE,FALSE,BLOCKED,FALSE,FALSE,0,,0,,,,,
802.74,INSPECTING,INSPECTING,1,2,1,0,0,WORKING,FALSE,WORKING,FALSE,FALSE,BLOCKED,FALSE,FALSE,0,,0,,,,,
804.37,INSPECTING,INSPECTING,0,2,1,0,0,WORKING,FALSE,WORKING,FALSE,FALSE,BLOCKED,FALSE,FALSE,0,,0,,,,,
806.25,INSPECTING,INSPECTING,2,2,1,0,0,WORKING,FALSE,WORKING,FALSE,FALSE,BLOCKED,FALSE,FALSE,0,,0,,,,,
808.31,BLOCKED,INSPECTING,2,2,1,0,0,WORKING,FALSE,WORKING,FALSE,FALSE,BLOCKED,FALSE,FALSE,0.82,,0,,,,,
809.13,BLOCKED,INSPECTING,2,1,0,0,0,WORKING,FALSE,WORKING,FALSE,FALSE,BLOCKED,FALSE,FALSE,0.01,,0,,,,,
809.14,INSPECTING,INSPECTING,2,2,0,0,0,WORKING,FALSE,WORKING,FALSE,FALSE,BLOCKED,FALSE,FALSE,0,,0,,,,,
818.32,INSPECTING,INSPECTING,2,1,0,0,0,WORKING,FALSE,BLOCKED,TRUE,FALSE,BLOCKED,FALSE,FALSE,0,,0,,,,,
822.3,INSPECTING,INSPECTING,2,2,0,0,0,WORKING,FALSE,BLOCKED,TRUE,FALSE,BLOCKED,FALSE,FALSE,0,,0,,,,,
822.96,BLOCKED,INSPECTING,2,2,0,0,0,WORKING,FALSE,BLOCKED,TRUE,FALSE,BLOCKED,FALSE,FALSE,1.27,,0,,,,,
824.23,BLOCKED,INSPECTING,1,2,0,0,0,WORKING,FALSE,BLOCKED,TRUE,FALSE,BLOCKED,FALSE,FALSE,0.01,,0,,,,,
824.24,INSPECTING,INSPECTING,2,2,0,0,0,WORKING,FALSE,BLOCKED,TRUE,FALSE,BLOCKED,FALSE,FALSE,0,,0,,,,,
825.02,INSPECTING,INSPECTING,1,2,0,0,0,WORKING,FALSE,BLOCKED,TRUE,FALSE,BLOCKED,FALSE,FALSE,0,,0,,,,,
825.88,INSPECTING,INSPECTING,2,2,0,0,0,WORKING,FALSE,BLOCKED,TRUE,FALSE,BLOCKED,FALSE,FALSE,0,,0,,,,,
827.08,INSPECTING,INSPECTING,1,2,0,0,0,WORKING,FALSE,BLOCKED,TRUE,FALSE,BLOCKED,FALSE,FALSE,0,,0,,,,,
827.1,INSPECTING,INSPECTING,0,2,0,0,0,WORKING,FALSE,BLOCKED,TRUE,FALSE,BLOCKED,FALSE,FALSE,0,,0,,,,,
831.51,INSPECTING,INSPECTING,0,2,0,0,0,WORKING,FALSE,WORKING,FALSE,FALSE,BLOCKED,FALSE,FALSE,0,,0,,,,,
832.02,INSPECTING,INSPECTING,2,2,0,0,0,WORKING,FALSE,WORKING,FALSE,FALSE,BLOCKED,FALSE,FALSE,0,,0,,,,,
832.81,INSPECTING,INSPECTING,1,2,0,0,0,WORKING,FALSE,WORKING,FALSE,FALSE,BLOCKED,FALSE,FALSE,0,,0,,,,,
833,INSPECTING,INSPECTING,1,1,0,0,0,WORKING,FALSE,BLOCKED,TRUE,FALSE,BLOCKED,FALSE,FALSE,0,,0,,,,,
835.14,INSPECTING,INSPECTING,2,2,0,0,0,WORKING,FALSE,BLOCKED,TRUE,FALSE,BLOCKED,FALSE,FALSE,0,,0,,,,,
841.59,BLOCKED,INSPECTING,2,2,0,0,0,WORKING,FALSE,BLOCKED,TRUE,FALSE,BLOCKED,FALSE,FALSE,9.25,,0,,,,,
850.84,BLOCKED,INSPECTING,1,2,0,0,0,WORKING,FALSE,BLOCKED,TRUE,FALSE,BLOCKED,FALSE,FALSE,0.01,,0,,,,,
850.85,INSPECTING,INSPECTING,2,2,0,0,0,WORKING,FALSE,BLOCKED,TRUE,FALSE,BLOCKED,FALSE,FALSE,0,,0,,,,,
852.86,INSPECTING,INSPECTING,1,2,0,0,0,WORKING,FALSE,BLOCKED,TRUE,FALSE,BLOCKED,FALSE,FALSE,0,,0,,,,,
857.13,INSPECTING,INSPECTING,0,2,0,0,0,WORKING,FALSE,BLOCKED,TRUE,FALSE,BLOCKED,FALSE,FALSE,0,,0,,,,,
857.44,INSPECTING,INSPECTING,2,2,0,0,0,WORKING,FALSE,BLOCKED,TRUE,FALSE,BLOCKED,FALSE,FALSE,0,,0,,,,,
858.06,INSPECTING,INSPECTING,2,2,0,0,0,WORKING,FALSE,WORKING,FALSE,FALSE,BLOCKED,FALSE,FALSE,0,,0,,,,,
860.94,INSPECTING,INSPECTING,1,2,0,0,0,WORKING,FALSE,WORKING,FALSE,FALSE,BLOCKED,FALSE,FALSE,0,,0,,,,,
861.41,INSPECTING,INSPECTING,1,1,0,0,0,WORKING,FALSE,BLOCKED,TRUE,FALSE,BLOCKED,FALSE,FALSE,0,,0,,,,,
867.78,INSPECTING,INSPECTING,0,1,0,0,0,WORKING,FALSE,BLOCKED,TRUE,FALSE,BLOCKED,FALSE,FALSE,0,,0,,,,,
870.74,INSPECTING,INSPECTING,0,1,0,0,0,BLOCKED,FALSE,BLOCKED,TRUE,FALSE,BLOCKED,FALSE,FALSE,0,,0,,,,,
875.54,INSPECTING,INSPECTING,0,1,0,0,0,BLOCKED,FALSE,WORKING,FALSE,FALSE,BLOCKED,FALSE,FALSE,0,,0,,,,,
881.87,INSPECTING,INSPECTING,0,0,0,0,0,BLOCKED,FALSE,BLOCKED,TRUE,FALSE,BLOCKED,FALSE,FALSE,0,,0,,,,,
883.08,INSPECTING,INSPECTING,0,1,0,0,0,WORKING,FALSE,BLOCKED,TRUE,FALSE,BLOCKED,FALSE,FALSE,0,,0,,,,,
884.54,INSPECTING,INSPECTING,0,1,0,0,0,BLOCKED,FALSE,BLOCKED,TRUE,FALSE,BLOCKED,FALSE,FALSE,0,,0,,,,,
886.36,INSPECTING,INSPECTING,0,2,0,0,0,WORKING,FALSE,BLOCKED,TRUE,FALSE,BLOCKED,FALSE,FALSE,0,,0,,,,,
888.23,INSPECTING,INSPECTING,0,2,0,0,0,WORKING,FALSE,WORKING,FALSE,FALSE,BLOCKED,FALSE,FALSE,0,,0,,,,,
891.46,INSPECTING,INSPECTING,0,2,0,0,0,WORKING,FALSE,WORKING,FALSE,FALSE,BLOCKED,FALSE,TRUE,0,,0,,,,,
894.29,INSPECTING,INSPECTING,0,2,0,0,0,BLOCKED,FALSE,WORKING,FALSE,FALSE,BLOCKED,FALSE,TRUE,0,,0,,,,,
898.06,INSPECTING,INSPECTING,0,1,0,0,0,BLOCKED,FALSE,BLOCKED,TRUE,FALSE,BLOCKED,FALSE,TRUE,0,,0,,,,,
899.63,INSPECTING,INSPECTING,0,1,0,0,0,BLOCKED,FALSE,WORKING,FALSE,FALSE,BLOCKED,FALSE,TRUE,0,,0,,,,,
899.7,INSPECTING,INSPECTING,0,1,0,0,1,BLOCKED,FALSE,WORKING,FALSE,FALSE,BLOCKED,FALSE,TRUE,0,,0,,,,,
909.94,INSPECTING,INSPECTING,0,0,0,0,1,BLOCKED,FALSE,BLOCKED,TRUE,FALSE,BLOCKED,FALSE,TRUE,0,,0,,,,,
916.48,INSPECTING,INSPECTING,0,0,0,0,2,BLOCKED,FALSE,BLOCKED,TRUE,FALSE,BLOCKED,FALSE,TRUE,0,,0,,,,,
920.33,INSPECTING,INSPECTING,0,0,0,0,2,WORKING,FALSE,BLOCKED,TRUE,FALSE,WORKING,FALSE,FALSE,0,,0,,,,,
923.41,INSPECTING,INSPECTING,0,0,0,0,1,WORKING,FALSE,BLOCKED,TRUE,FALSE,BLOCKED,FALSE,TRUE,0,,0,,,,,
923.67,INSPECTING,INSPECTING,0,0,0,0,1,BLOCKED,FALSE,BLOCKED,TRUE,FALSE,BLOCKED,FALSE,TRUE,0,,0,,,,,
934.44,INSPECTING,INSPECTING,0,0,0,0,1,WORKING,FALSE,BLOCKED,TRUE,FALSE,WORKING,FALSE,FALSE,0,,0,,,,,
935.09,INSPECTING,INSPECTING,0,0,0,0,1,BLOCKED,FALSE,BLOCKED,TRUE,FALSE,WORKING,FALSE,FALSE,0,,0,,,,,
937.86,INSPECTING,INSPECTING,0,0,0,0,0,BLOCKED,FALSE,BLOCKED,TRUE,FALSE,BLOCKED,FALSE,TRUE,0,,0,,,,,
945.58,INSPECTING,INSPECTING,0,0,0,0,0,WORKING,FALSE,BLOCKED,TRUE,FALSE,WORKING,FALSE,FALSE,0,,0,,,,,
947.8,INSPECTING,INSPECTING,0,0,0,0,0,WORKING,FALSE,BLOCKED,TRUE,FALSE,BLOCKED,FALSE,FALSE,0,,0,,,,,
948.45,INSPECTING,INSPECTING,0,0,0,0,0,WORKING,FALSE,BLOCKED,TRUE,FALSE,BLOCKED,FALSE,TRUE,0,,0,,,,,
950.61,INSPECTING,INSPECTING,0,0,0,0,0,BLOCKED,FALSE,BLOCKED,TRUE,FALSE,BLOCKED,FALSE,TRUE,0,,0,,,,,
954.01,INSPECTING,INSPECTING,0,0,0,0,0,WORKING,FALSE,BLOCKED,TRUE,FALSE,WORKING,FALSE,FALSE,0,,0,,,,,
955.01,INSPECTING,INSPECTING,0,0,0,0,0,WORKING,FALSE,WORKING,FALSE,FALSE,WORKING,FALSE,FALSE,0,,0,,,,,
956.95,INSPECTING,INSPECTING,0,0,0,0,0,WORKING,FALSE,BLOCKED,FALSE,FALSE,WORKING,FALSE,FALSE,0,,0,,,,,
958.11,INSPECTING,INSPECTING,0,0,0,0,0,BLOCKED,FALSE,BLOCKED,FALSE,FALSE,WORKING,FALSE,FALSE,0,,0,,,,,
971.76,INSPECTING,INSPECTING,0,0,0,0,0,WORKING,FALSE,BLOCKED,TRUE,FALSE,WORKING,FALSE,FALSE,0,,0,,,,,
974.21,INSPECTING,INSPECTING,0,0,0,0,0,WORKING,FALSE,WORKING,FALSE,FALSE,WORKING,FALSE,FALSE,0,,0,,,,,
976.6,INSPECTING,INSPECTING,1,1,0,0,0,WORKING,FALSE,WORKING,FALSE,FALSE,WORKING,FALSE,FALSE,0,,0,,,,,
977.05,INSPECTING,INSPECTING,0,1,0,0,0,WORKING,FALSE,WORKING,FALSE,FALSE,WORKING,FALSE,FALSE,0,,0,,,,,
977.36,INSPECTING,INSPECTING,0,1,0,0,0,WORKING,FALSE,WORKING,FALSE,FALSE,BLOCKED,FALSE,FALSE,0,,0,,,,,
977.65,INSPECTING,INSPECTING,1,2,0,0,0,WORKING,FALSE,WORKING,FALSE,FALSE,BLOCKED,FALSE,FALSE,0,,0,,,,,
978.17,INSPECTING,INSPECTING,1,2,1,0,0,WORKING,FALSE,WORKING,FALSE,FALSE,BLOCKED,FALSE,FALSE,0,,0,,,,,
980.17,INSPECTING,INSPECTING,0,2,1,0,0,WORKING,FALSE,WORKING,FALSE,FALSE,BLOCKED,FALSE,FALSE,0,,0,,,,,
989.38,INSPECTING,INSPECTING,0,2,1,0,0,BLOCKED,FALSE,WORKING,FALSE,FALSE,BLOCKED,FALSE,FALSE,0,,0,,,,,
990.5,INSPECTING,INSPECTING,0,1,0,0,0,BLOCKED,FALSE,WORKING,FALSE,FALSE,BLOCKED,FALSE,FALSE,0,,0,,,,,
993.26,INSPECTING,INSPECTING,0,0,0,0,0,BLOCKED,FALSE,BLOCKED,TRUE,FALSE,BLOCKED,FALSE,FALSE,0,,0,,,,,
993.83,INSPECTING,INSPECTING,0,0,0,0,0,WORKING,FALSE,BLOCKED,TRUE,FALSE,BLOCKED,TRUE,FALSE,0,,0,,,,,
997.98,INSPECTING,INSPECTING,1,0,0,1,0,WORKING,FALSE,BLOCKED,TRUE,FALSE,BLOCKED,TRUE,FALSE,0,,0,,,,,
998.42,INSPECTING,INSPECTING,0,0,0,1,0,WORKING,FALSE,BLOCKED,TRUE,FALSE,BLOCKED,TRUE,FALSE,0,,0,,,,,
1001.94,INSPECTING,INSPECTING,0,0,0,1,0,BLOCKED,FALSE,BLOCKED,TRUE,FALSE,BLOCKED,TRUE,FALSE,0,,0,,,,,
1027.77,INSPECTING,INSPECTING,0,0,0,2,0,WORKING,FALSE,BLOCKED,TRUE,FALSE,BLOCKED,TRUE,FALSE,0,,0,,,,,
1028.7,INSPECTING,INSPECTING,0,0,0,2,0,BLOCKED,FALSE,BLOCKED,TRUE,FALSE,BLOCKED,TRUE,FALSE,0,,0,,,,,
1034.73,INSPECTING,INSPECTING,1,0,0,2,0,WORKING,FALSE,BLOCKED,TRUE,FALSE,BLOCKED,TRUE,FALSE,0,,0,,,,,
1034.76,INSPECTING,INSPECTING,1,0,0,2,0,WORKING,FALSE,BLOCKED,TRUE,FALSE,WORKING,FALSE,FALSE,0,,0,,,,,
1034.84,INSPECTING,INSPECTING,0,0,0,2,0,WORKING,FALSE,BLOCKED,TRUE,FALSE,WORKING,FALSE,FALSE,0,,0,,,,,
1037.77,INSPECTING,INSPECTING,0,0,0,2,0,BLOCKED,FALSE,BLOCKED,TRUE,FALSE,WORKING,FALSE,FALSE,0,,0,,,,,
1043.73,INSPECTING,INSPECTING,0,0,0,2,0,BLOCKED,FALSE,WORKING,FALSE,FALSE,WORKING,FALSE,FALSE,0,,0,,,,,
1049.93,INSPECTING,INSPECTING,0,0,0,2,0,BLOCKED,FALSE,BLOCKED,FALSE,FALSE,WORKING,FALSE,FALSE,0,,0,,,,,
1053.14,INSPECTING,INSPECTING,0,0,0,1,0,BLOCKED,FALSE,BLOCKED,FALSE,FALSE,BLOCKED,TRUE,FALSE,0,,0,,,,,
1057.53,INSPECTING,INSPECTING,0,0,0,1,0,WORKING,FALSE,BLOCKED,TRUE,FALSE,BLOCKED,TRUE,FALSE,0,,0,,,,,
1059.97,INSPECTING,INSPECTING,0,0,0,1,0,BLOCKED,FALSE,BLOCKED,TRUE,FALSE,BLOCKED,TRUE,FALSE,0,,0,,,,,
1062.66,INSPECTING,INSPECTING,0,1,0,1,0,WORKING,FALSE,BLOCKED,TRUE,FALSE,BLOCKED,TRUE,FALSE,0,,0,,,,,
1066.05,INSPECTING,INSPECTING,0,1,0,1,0,BLOCKED,FALSE,BLOCKED,TRUE,FALSE,BLOCKED,TRUE,FALSE,0,,0,,,,,
1069.63,INSPECTING,INSPECTING,0,2,0,1,0,WORKING,FALSE,BLOCKED,TRUE,FALSE,BLOCKED,TRUE,FALSE,0,,0,,,,,
1071.84,INSPECTING,INSPECTING,0,2,0,1,0,WORKING,FALSE,WORKING,FALSE,FALSE,BLOCKED,TRUE,FALSE,0,,0,,,,,
1072.67,INSPECTING,INSPECTING,0,2,0,1,0,BLOCKED,FALSE,WORKING,FALSE,FALSE,BLOCKED,TRUE,FALSE,0,,0,,,,,
1075.01,INSPECTING,INSPECTING,0,1,0,1,0,BLOCKED,FALSE,BLOCKED,TRUE,FALSE,BLOCKED,TRUE,FALSE,0,,0,,,,,
1082.74,INSPECTING,INSPECTING,0,2,0,1,0,WORKING,FALSE,BLOCKED,TRUE,FALSE,BLOCKED,TRUE,FALSE,0,,0,,,,,
1085.18,INSPECTING,INSPECTING,0,2,0,1,0,BLOCKED,FALSE,BLOCKED,TRUE,FALSE,BLOCKED,TRUE,FALSE,0,,0,,,,,
1088.76,INSPECTING,INSPECTING,0,2,0,1,0,BLOCKED,FALSE,WORKING,FALSE,FALSE,BLOCKED,TRUE,FALSE,0,,0,,,,,
1092.71,INSPECTING,INSPECTING,0,2,0,2,0,WORKING,FALSE,WORKING,FALSE,FALSE,BLOCKED,TRUE,FALSE,0,,0,,,,,
1098.01,INSPECTING,INSPECTING,0,2,0,2,0,BLOCKED,FALSE,WORKING,FALSE,FALSE,BLOCKED,TRUE,FALSE,0,,0,,,,,
1098.15,INSPECTING,INSPECTING,0,2,0,2,0,BLOCKED,FALSE,WORKING,FALSE,FALSE,WORKING,FALSE,FALSE,0,,0,,,,,
1108.75,INSPECTING,INSPECTING,0,2,0,1,0,BLOCKED,FALSE,WORKING,FALSE,FALSE,BLOCKED,TRUE,FALSE,0,,0,,,,,
1110.12,INSPECTING,INSPECTING,0,2,0,1,0,BLOCKED,FALSE,WORKING,FALSE,FALSE,WORKING,FALSE,FALSE,0,,0,,,,,
1114.64,INSPECTING,INSPECTING,0,2,0,2,0,WORKING,FALSE,WORKING,FALSE,FALSE,WORKING,FALSE,FALSE,0,,0,,,,,
1115.21,INSPECTING,INSPECTING,2,2,0,2,0,WORKING,FALSE,WORKING,FALSE,FALSE,WORKING,FALSE,FALSE,0,,0,,,,,
1116.06,BLOCKED,INSPECTING,2,2,0,2,0,WORKING,FALSE,WORKING,FALSE,FALSE,WORKING,FALSE,FALSE,1.15,,0,,,,,
1117.21,BLOCKED,INSPECTING,2,1,0,2,0,WORKING,FALSE,BLOCKED,TRUE,FALSE,WORKING,FALSE,FALSE,5.13,,0,,,,,
1122.34,BLOCKED,INSPECTING,2,1,0,2,1,WORKING,FALSE,BLOCKED,TRUE,FALSE,WORKING,FALSE,FALSE,6.71,,0,,,,,
1129.05,BLOCKED,INSPECTING,1,1,0,2,1,WORKING,FALSE,BLOCKED,TRUE,FALSE,WORKING,FALSE,FALSE,0.01,,0,,,,,
1129.06,INSPECTING,INSPECTING,2,1,0,2,1,WORKING,FALSE,BLOCKED,TRUE,FALSE,WORKING,FALSE,FALSE,0,,0,,,,,
1129.56,INSPECTING,INSPECTING,2,1,0,1,0,WORKING,FALSE,BLOCKED,TRUE,FALSE,WORKING,FALSE,FALSE,0,,0,,,,,
1130.38,INSPECTING,INSPECTING,2,1,0,2,0,WORKING,FALSE,BLOCKED,TRUE,FALSE,WORKING,FALSE,FALSE,0,,0,,,,,
1130.57,INSPECTING,INSPECTING,1,1,0,2,0,WORKING,FALSE,BLOCKED,TRUE,FALSE,WORKING,FALSE,FALSE,0,,0,,,,,
1131.96,INSPECTING,INSPECTING,1,1,0,1,0,WORKING,FALSE,BLOCKED,TRUE,FALSE,BLOCKED,TRUE,FALSE,0,,0,,,,,
1134.19,INSPECTING,INSPECTING,0,1,0,1,0,WORKING,FALSE,BLOCKED,TRUE,FALSE,BLOCKED,TRUE,FALSE,0,,0,,,,,
1135.57,INSPECTING,INSPECTING,0,1,0,1,0,BLOCKED,FALSE,BLOCKED,TRUE,FALSE,BLOCKED,TRUE,FALSE,0,,0,,,,,
1136.09,INSPECTING,INSPECTING,0,1,0,1,0,BLOCKED,FALSE,BLOCKED,TRUE,FALSE,WORKING,FALSE,FALSE,0,,0,,,,,
1138.52,INSPECTING,INSPECTING,0,2,0,1,0,WORKING,FALSE,BLOCKED,TRUE,FALSE,WORKING,FALSE,FALSE,0,,0,,,,,
1140,INSPECTING,INSPECTING,0,2,0,0,0,WORKING,FALSE,BLOCKED,TRUE,FALSE,BLOCKED,TRUE,FALSE,0,,0,,,,,
1142.35,INSPECTING,INSPECTING,0,2,0,0,0,BLOCKED,FALSE,BLOCKED,TRUE,FALSE,BLOCKED,TRUE,FALSE,0,,0,,,,,
1142.49,INSPECTING,INSPECTING,1,2,0,0,0,WORKING,FALSE,BLOCKED,TRUE,FALSE,BLOCKED,TRUE,FALSE,0,,0,,,,,
1144.09,INSPECTING,INSPECTING,0,2,0,0,0,WORKING,FALSE,BLOCKED,TRUE,FALSE,BLOCKED,TRUE,FALSE,0,,0,,,,,
1144.46,INSPECTING,INSPECTING,2,2,0,0,0,WORKING,FALSE,BLOCKED,TRUE,FALSE,BLOCKED,TRUE,FALSE,0,,0,,,,,
1144.95,INSPECTING,INSPECTING,1,2,0,0,0,WORKING,FALSE,BLOCKED,TRUE,FALSE,BLOCKED,TRUE,FALSE,0,,0,,,,,
1146.48,INSPECTING,INSPECTING,0,2,0,0,0,WORKING,FALSE,BLOCKED,TRUE,FALSE,BLOCKED,TRUE,FALSE,0,,0,,,,,
1151.67,INSPECTING,INSPECTING,2,2,0,0,0,WORKING,FALSE,BLOCKED,TRUE,FALSE,BLOCKED,TRUE,FALSE,0,,0,,,,,
1159.47,INSPECTING,INSPECTING,1,2,0,0,0,WORKING,FALSE,BLOCKED,TRUE,FALSE,BLOCKED,TRUE,FALSE,0,,0,,,,,
1165.75,INSPECTING,INSPECTING,2,2,0,0,0,WORKING,FALSE,BLOCKED,TRUE,FALSE,BLOCKED,TRUE,FALSE,0,,0,,,,,
1166.55,INSPECTING,INSPECTING,2,2,0,0,0,WORKING,FALSE,WORKING,FALSE,FALSE,BLOCKED,TRUE,FALSE,0,,0,,,,,
1166.88,INSPECTING,INSPECTING,1,2,0,0,0,WORKING,FALSE,WORKING,FALSE,FALSE,BLOCKED,TRUE,FALSE,0,,0,,,,,
1171.42,INSPECTING,INSPECTING,0,2,0,0,0,WORKING,FALSE,WORKING,FALSE,FALSE,BLOCKED,TRUE,FALSE,0,,0,,,,,
1171.94,INSPECTING,INSPECTING,0,2,0,0,0,BLOCKED,FALSE,WORKING,FALSE,FALSE,BLOCKED,TRUE,FALSE,0,,0,,,,,
1184.29,INSPECTING,INSPECTING,0,1,0,0,0,BLOCKED,FALSE,BLOCKED,TRUE,FALSE,BLOCKED,TRUE,FALSE,0,,0,,,,,
1186.16,INSPECTING,INSPECTING,0,1,0,0,0,BLOCKED,FALSE,BLOCKED,TRUE,FALSE,WORKING,FALSE,FALSE,0,,0,,,,,
1190.75,INSPECTING,INSPECTING,0,1,0,0,0,BLOCKED,FALSE,WORKING,FALSE,FALSE,WORKING,FALSE,FALSE,0,,0,,,,,
1190.78,INSPECTING,INSPECTING,0,0,0,0,0,BLOCKED,FALSE,BLOCKED,TRUE,FALSE,WORKING,FALSE,FALSE,0,,0,,,,,
1192.49,INSPECTING,INSPECTING,0,0,0,1,0,WORKING,FALSE,BLOCKED,TRUE,FALSE,WORKING,FALSE,FALSE,0,,0,,,,,
1193.9,INSPECTING,INSPECTING,0,0,0,1,0,BLOCKED,FALSE,BLOCKED,TRUE,FALSE,WORKING,FALSE,FALSE,0,,0,,,,,
1194.67,INSPECTING,INSPECTING,0,0,0,0,0,BLOCKED,FALSE,BLOCKED,TRUE,FALSE,BLOCKED,TRUE,FALSE,0,,0,,,,,
1195.24,INSPECTING,INSPECTING,0,0,0,0,0,BLOCKED,FALSE,BLOCKED,TRUE,FALSE,WORKING,FALSE,FALSE,0,,0,,,,,
1196.41,INSPECTING,INSPECTING,0,1,0,0,0,WORKING,FALSE,BLOCKED,TRUE,FALSE,WORKING,FALSE,FALSE,0,,0,,,,,
1202.17,INSPECTING,INSPECTING,0,1,0,0,0,BLOCKED,FALSE,BLOCKED,TRUE,FALSE,WORKING,FALSE,FALSE,0,,0,,,,,
1202.59,INSPECTING,INSPECTING,0,2,0,0,0,WORKING,FALSE,BLOCKED,TRUE,FALSE,WORKING,FALSE,FALSE,0,,0,,,,,
1202.98,INSPECTING,INSPECTING,0,2,0,0,0,BLOCKED,FALSE,BLOCKED,TRUE,FALSE,WORKING,FALSE,FALSE,0,,0,,,,,
1204.38,INSPECTING,INSPECTING,0,2,0,0,0,BLOCKED,FALSE,BLOCKED,TRUE,FALSE,BLOCKED,FALSE,FALSE,0,,0,,,,,
1206.4,INSPECTING,INSPECTING,1,2,0,0,0,WORKING,FALSE,BLOCKED,TRUE,FALSE,BLOCKED,FALSE,FALSE,0,,0,,,,,
1209.55,INSPECTING,INSPECTING,0,2,0,0,0,WORKING,FALSE,BLOCKED,TRUE,FALSE,BLOCKED,FALSE,FALSE,0,,0,,,,,
1209.66,INSPECTING,INSPECTING,2,2,0,0,0,WORKING,FALSE,BLOCKED,TRUE,FALSE,BLOCKED,FALSE,FALSE,0,,0,,,,,
1209.89,INSPECTING,INSPECTING,1,2,0,0,0,WORKING,FALSE,BLOCKED,TRUE,FALSE,BLOCKED,FALSE,FALSE,0,,0,,,,,
1210.41,INSPECTING,INSPECTING,0,2,0,0,0,WORKING,FALSE,BLOCKED,TRUE,FALSE,BLOCKED,FALSE,FALSE,0,,0,,,,,
1213.03,INSPECTING,INSPECTING,0,2,0,0,0,WORKING,FALSE,WORKING,FALSE,FALSE,BLOCKED,FALSE,FALSE,0,,0,,,,,
1216.89,INSPECTING,INSPECTING,0,2,0,0,0,BLOCKED,FALSE,WORKING,FALSE,FALSE,BLOCKED,FALSE,FALSE,0,,0,,,,,
1222.94,INSPECTING,INSPECTING,0,1,0,0,0,BLOCKED,FALSE,BLOCKED,TRUE,FALSE,BLOCKED,FALSE,FALSE,0,,0,,,,,
1224.53,INSPECTING,INSPECTING,0,1,0,0,0,BLOCKED,FALSE,BLOCKED,TRUE,FALSE,BLOCKED,FALSE,TRUE,0,,0,,,,,
1225.25,INSPECTING,INSPECTING,0,1,0,0,0,WORKING,FALSE,BLOCKED,TRUE,FALSE,WORKING,FALSE,FALSE,0,,0,,,,,
1225.32,INSPECTING,INSPECTING,0,1,0,0,0,WORKING,FALSE,BLOCKED,TRUE,FALSE,BLOCKED,FALSE,FALSE,0,,0,,,,,
1229.63,INSPECTING,INSPECTING,0,1,0,0,0,BLOCKED,FALSE,BLOCKED,TRUE,FALSE,BLOCKED,FALSE,FALSE,0,,0,,,,,
1229.89,INSPECTING,INSPECTING,0,1,0,0,0,BLOCKED,FALSE,WORKING,FALSE,FALSE,BLOCKED,FALSE,FALSE,0,,0,,,,,
1231.06,INSPECTING,INSPECTING,0,2,0,0,0,WORKING,FALSE,WORKING,FALSE,FALSE,BLOCKED,FALSE,FALSE,0,,0,,,,,
1232.28,INSPECTING,INSPECTING,0,2,0,0,0,BLOCKED,FALSE,WORKING,FALSE,FALSE,BLOCKED,FALSE,FALSE,0,,0,,,,,
1236.52,INSPECTING,INSPECTING,0,1,0,0,0,BLOCKED,FALSE,BLOCKED,TRUE,FALSE,BLOCKED,FALSE,FALSE,0,,0,,,,,
1237.35,INSPECTING,INSPECTING,0,1,0,0,0,BLOCKED,FALSE,WORKING,FALSE,FALSE,BLOCKED,FALSE,FALSE,0,,0,,,,,
1239.5,INSPECTING,INSPECTING,0,0,0,0,0,BLOCKED,FALSE,BLOCKED,TRUE,FALSE,BLOCKED,FALSE,FALSE,0,,0,,,,,
1239.94,INSPECTING,INSPECTING,0,0,0,0,0,BLOCKED,FALSE,WORKING,FALSE,FALSE,BLOCKED,FALSE,FALSE,0,,0,,,,,
1242.86,INSPECTING,INSPECTING,0,0,0,0,0,WORKING,FALSE,WORKING,FALSE,FALSE,BLOCKED,TRUE,FALSE,0,,0,,,,,
1245.85,INSPECTING,INSPECTING,0,0,0,0,0,BLOCKED,FALSE,WORKING,FALSE,FALSE,BLOCKED,TRUE,FALSE,0,,0,,,,,
1246.62,INSPECTING,INSPECTING,0,0,0,0,0,BLOCKED,FALSE,WORKING,FALSE,FALSE,WORKING,FALSE,FALSE,0,,0,,,,,
1246.63,INSPECTING,INSPECTING,0,0,0,0,0,BLOCKED,FALSE,BLOCKED,FALSE,FALSE,WORKING,FALSE,FALSE,0,,0,,,,,
1254.78,INSPECTING,INSPECTING,0,0,0,0,0,BLOCKED,FALSE,BLOCKED,FALSE,FALSE,BLOCKED,FALSE,FALSE,0,,0,,,,,
1269.07,INSPECTING,INSPECTING,0,0,0,0,0,WORKING,FALSE,BLOCKED,FALSE,FALSE,BLOCKED,TRUE,FALSE,0,,0,,,,,
1274.22,INSPECTING,INSPECTING,0,0,0,0,0,WORKING,FALSE,BLOCKED,FALSE,FALSE,WORKING,FALSE,FALSE,0,,0,,,,,
1274.44,INSPECTING,INSPECTING,1,0,0,1,0,WORKING,FALSE,BLOCKED,FALSE,FALSE,WORKING,FALSE,FALSE,0,,0,,,,,
1284.02,INSPECTING,INSPECTING,1,0,0,0,0,WORKING,FALSE,BLOCKED,FALSE,FALSE,BLOCKED,TRUE,FALSE,0,,0,,,,,
1284.95,INSPECTING,INSPECTING,2,0,0,1,0,WORKING,FALSE,BLOCKED,FALSE,FALSE,BLOCKED,TRUE,FALSE,0,,0,,,,,
1285.38,INSPECTING,INSPECTING,2,0,0,1,0,WORKING,FALSE,BLOCKED,FALSE,FALSE,WORKING,FALSE,FALSE,0,,0,,,,,
1286.68,INSPECTING,INSPECTING,2,0,0,1,0,WORKING,FALSE,BLOCKED,TRUE,FALSE,WORKING,FALSE,FALSE,0,,0,,,,,
1287.53,INSPECTING,INSPECTING,1,0,0,1,0,WORKING,FALSE,BLOCKED,TRUE,FALSE,WORKING,FALSE,FALSE,0,,0,,,,,
1292.51,INSPECTING,INSPECTING,0,0,0,1,0,WORKING,FALSE,BLOCKED,TRUE,FALSE,WORKING,FALSE,FALSE,0,,0,,,,,
1295.1,INSPECTING,INSPECTING,1,1,0,1,0,WORKING,FALSE,BLOCKED,TRUE,FALSE,WORKING,FALSE,FALSE,0,,0,,,,,
1295.15,INSPECTING,INSPECTING,0,1,0,1,0,WORKING,FALSE,BLOCKED,TRUE,FALSE,WORKING,FALSE,FALSE,0,,0,,,,,
1297.57,INSPECTING,INSPECTING,0,1,0,1,0,BLOCKED,FALSE,BLOCKED,TRUE,FALSE,WORKING,FALSE,FALSE,0,,0,,,,,
1307.67,INSPECTING,INSPECTING,0,1,0,0,0,BLOCKED,FALSE,BLOCKED,TRUE,FALSE,BLOCKED,TRUE,FALSE,0,,0,,,,,
1327.19,INSPECTING,INSPECTING,0,2,0,0,0,WORKING,FALSE,BLOCKED,TRUE,FALSE,BLOCKED,TRUE,FALSE,0,,0,,,,,
1334.64,INSPECTING,INSPECTING,0,2,0,0,0,BLOCKED,FALSE,BLOCKED,TRUE,FALSE,BLOCKED,TRUE,FALSE,0,,0,,,,,
1341.72,INSPECTING,INSPECTING,1,2,0,0,0,WORKING,FALSE,BLOCKED,TRUE,FALSE,BLOCKED,TRUE,FALSE,0,,0,,,,,
1342.15,INSPECTING,INSPECTING,0,2,0,0,0,WORKING,FALSE,BLOCKED,TRUE,FALSE,BLOCKED,TRUE,FALSE,0,,0,,,,,
1342.39,INSPECTING,INSPECTING,0,2,0,0,0,BLOCKED,FALSE,BLOCKED,TRUE,FALSE,BLOCKED,TRUE,FALSE,0,,0,,,,,
1343.56,INSPECTING,INSPECTING,0,2,0,0,0,BLOCKED,FALSE,WORKING,FALSE,FALSE,BLOCKED,TRUE,FALSE,0,,0,,,,,
1345.96,INSPECTING,INSPECTING,0,1,0,0,0,BLOCKED,FALSE,BLOCKED,TRUE,FALSE,BLOCKED,TRUE,FALSE,0,,0,,,,,
1359.85,INSPECTING,INSPECTING,0,1,0,1,0,WORKING,FALSE,BLOCKED,TRUE,FALSE,BLOCKED,TRUE,FALSE,0,,0,,,,,
1362.32,INSPECTING,INSPECTING,1,1,0,2,0,WORKING,FALSE,BLOCKED,TRUE,FALSE,BLOCKED,TRUE,FALSE,0,,0,,,,,
1364.5,INSPECTING,INSPECTING,2,1,0,2,0,WORKING,FALSE,BLOCKED,TRUE,FALSE,BLOCKED,TRUE,FALSE,0,,0,,,,,
1371.69,BLOCKED,INSPECTING,2,1,0,2,0,WORKING,FALSE,BLOCKED,TRUE,FALSE,BLOCKED,TRUE,FALSE,2.16,,0,,,,,
1373.85,BLOCKED,INSPECTING,2,1,0,2,0,WORKING,FALSE,BLOCKED,TRUE,FALSE,WORKING,FALSE,FALSE,0.01,,0,,,,,
1373.86,INSPECTING,INSPECTING,2,2,0,2,0,WORKING,FALSE,BLOCKED,TRUE,FALSE,WORKING,FALSE,FALSE,0,,0,,,,,
1380.77,INSPECTING,INSPECTING,1,2,0,2,0,WORKING,FALSE,BLOCKED,TRUE,FALSE,WORKING,FALSE,FALSE,0,,0,,,,,
1380.88,INSPECTING,INSPECTING,0,2,0,2,0,WORKING,FALSE,BLOCKED,TRUE,FALSE,WORKING,FALSE,FALSE,0,,0,,,,,
1382.61,INSPECTING,INSPECTING,2,2,0,2,0,WORKING,FALSE,BLOCKED,TRUE,FALSE,WORKING,FALSE,FALSE,0,,0,,,,,
1385.67,INSPECTING,INSPECTING,1,2,0,2,0,WORKING,FALSE,BLOCKED,TRUE,FALSE,WORKING,FALSE,FALSE,0,,0,,,,,
1389.65,INSPECTING,INSPECTING,1,2,0,1,0,WORKING,FALSE,BLOCKED,TRUE,FALSE,BLOCKED,TRUE,FALSE,0,,0,,,,,
1391.72,INSPECTING,INSPECTING,0,2,0,1,0,WORKING,FALSE,BLOCKED,TRUE,FALSE,BLOCKED,TRUE,FALSE,0,,0,,,,,
1397.68,INSPECTING,INSPECTING,0,2,0,1,0,BLOCKED,FALSE,BLOCKED,TRUE,FALSE,BLOCKED,TRUE,FALSE,0,,0,,,,,
1399.38,INSPECTING,INSPECTING,0,2,0,1,0,BLOCKED,FALSE,WORKING,FALSE,FALSE,BLOCKED,TRUE,FALSE,0,,0,,,,,
1407,INSPECTING,INSPECTING,0,2,1,1,0,BLOCKED,FALSE,WORKING,FALSE,FALSE,BLOCKED,TRUE,FALSE,0,,0,,,,,
1408.21,INSPECTING,INSPECTING,0,2,2,1,0,BLOCKED,FALSE,WORKING,FALSE,FALSE,BLOCKED,TRUE,FALSE,0,,0,,,,,
1408.68,INSPECTING,BLOCKED,0,2,2,1,0,BLOCKED,FALSE,WORKING,FALSE,FALSE,BLOCKED,TRUE,FALSE,0,,0.22,,,,,
1408.9,INSPECTING,BLOCKED,1,2,2,1,0,WORKING,FALSE,WORKING,FALSE,FALSE,BLOCKED,TRUE,FALSE,0,,2.38,,,,,
1411.28,INSPECTING,BLOCKED,1,1,1,1,0,WORKING,FALSE,WORKING,FALSE,FALSE,BLOCKED,TRUE,FALSE,0,,0.01,,,,,
1411.29,INSPECTING,INSPECTING,1,1,2,1,0,WORKING,FALSE,WORKING,FALSE,FALSE,BLOCKED,TRUE,FALSE,0,,0,,,,,
1411.47,INSPECTING,INSPECTING,0,1,2,1,0,WORKING,FALSE,WORKING,FALSE,FALSE,BLOCKED,TRUE,FALSE,0,,0,,,,,
1411.73,INSPECTING,INSPECTING,1,2,2,1,0,WORKING,FALSE,WORKING,FALSE,FALSE,BLOCKED,TRUE,FALSE,0,,0,,,,,
1414.52,INSPECTING,INSPECTING,2,2,2,1,0,WORKING,FALSE,WORKING,FALSE,FALSE,BLOCKED,TRUE,FALSE,0,,0,,,,,
1418.41,INSPECTING,INSPECTING,2,1,1,1,0,WORKING,FALSE,WORKING,FALSE,FALSE,BLOCKED,TRUE,FALSE,0,,0,,,,,
1420.32,INSPECTING,INSPECTING,1,1,1,1,0,WORKING,FALSE,WORKING,FALSE,FALSE,BLOCKED,TRUE,FALSE,0,,0,,,,,
1422.32,INSPECTING,INSPECTING,0,1,1,1,0,WORKING,FALSE,WORKING,FALSE,FALSE,BLOCKED,TRUE,FALSE,0,,0,,,,,
1423.62,INSPECTING,INSPECTING,0,1,1,1,0,BLOCKED,FALSE,WORKING,FALSE,FALSE,BLOCKED,TRUE,FALSE,0,,0,,,,,
1427.23,INSPECTING,INSPECTING,0,0,0,1,0,BLOCKED,FALSE,WORKING,FALSE,FALSE,BLOCKED,TRUE,FALSE,0,,0,,,,,
1428.13,INSPECTING,INSPECTING,0,0,1,1,0,BLOCKED,FALSE,WORKING,FALSE,FALSE,BLOCKED,TRUE,FALSE,0,,0,,,,,
1435.67,INSPECTING,INSPECTING,0,0,0,1,0,BLOCKED,FALSE,BLOCKED,FALSE,TRUE,BLOCKED,TRUE,FALSE,0,,0,,,,,
1448.82,INSPECTING,INSPECTING,0,0,0,1,0,WORKING,FALSE,WORKING,FALSE,FALSE,BLOCKED,TRUE,FALSE,0,,0,,,,,
1449.26,INSPECTING,INSPECTING,0,0,0,1,0,BLOCKED,FALSE,WORKING,FALSE,FALSE,BLOCKED,TRUE,FALSE,0,,0,,,,,
1449.52,INSPECTING,INSPECTING,0,0,0,2,0,WORKING,FALSE,WORKING,FALSE,FALSE,BLOCKED,TRUE,FALSE,0,,0,,,,,
1455.43,INSPECTING,INSPECTING,0,0,0,2,0,BLOCKED,FALSE,WORKING,FALSE,FALSE,BLOCKED,TRUE,FALSE,0,,0,,,,,
1458.24,INSPECTING,INSPECTING,0,0,0,2,0,BLOCKED,FALSE,BLOCKED,FALSE,FALSE,BLOCKED,TRUE,FALSE,0,,0,,,,,
1466.84,INSPECTING,INSPECTING,1,0,0,2,0,WORKING,FALSE,BLOCKED,FALSE,FALSE,BLOCKED,TRUE,FALSE,0,,0,,,,,
1469.3,INSPECTING,INSPECTING,0,0,0,2,0,WORKING,FALSE,BLOCKED,FALSE,FALSE,BLOCKED,TRUE,FALSE,0,,0,,,,,
1469.41,INSPECTING,INSPECTING,0,0,0,2,0,WORKING,FALSE,BLOCKED,FALSE,FALSE,WORKING,FALSE,FALSE,0,,0,,,,,
1470.93,INSPECTING,INSPECTING,0,0,0,2,0,BLOCKED,FALSE,BLOCKED,FALSE,FALSE,WORKING,FALSE,FALSE,0,,0,,,,,
1472.53,INSPECTING,INSPECTING,0,0,0,1,0,BLOCKED,FALSE,BLOCKED,FALSE,FALSE,BLOCKED,TRUE,FALSE,0,,0,,,,,
1475.88,INSPECTING,INSPECTING,0,0,0,2,0,WORKING,FALSE,BLOCKED,FALSE,FALSE,BLOCKED,TRUE,FALSE,0,,0,,,,,
1478.52,INSPECTING,INSPECTING,0,0,0,2,0,WORKING,FALSE,BLOCKED,FALSE,FALSE,WORKING,FALSE,FALSE,0,,0,,,,,
1482.2,INSPECTING,INSPECTING,0,0,0,1,0,WORKING,FALSE,BLOCKED,FALSE,FALSE,BLOCKED,TRUE,FALSE,0,,0,,,,,
1483.77,INSPECTING,INSPECTING,0,0,0,1,0,BLOCKED,FALSE,BLOCKED,FALSE,FALSE,BLOCKED,TRUE,FALSE,0,,0,,,,,
1484.12,INSPECTING,INSPECTING,0,0,0,2,0,WORKING,FALSE,BLOCKED,FALSE,FALSE,BLOCKED,TRUE,FALSE,0,,0,,,,,
1486.02,INSPECTING,INSPECTING,0,0,0,2,0,BLOCKED,FALSE,BLOCKED,FALSE,FALSE,BLOCKED,TRUE,FALSE,0,,0,,,,,
1490.55,INSPECTING,INSPECTING,1,0,0,2,0,WORKING,FALSE,BLOCKED,FALSE,FALSE,BLOCKED,TRUE,FALSE,0,,0,,,,,
1492.94,INSPECTING,INSPECTING,2,0,0,2,0,WORKING,FALSE,BLOCKED,FALSE,FALSE,BLOCKED,TRUE,FALSE,0,,0,,,,,
1500.83,BLOCKED,INSPECTING,2,0,0,2,0,WORKING,FALSE,BLOCKED,FALSE,FALSE,BLOCKED,TRUE,FALSE,0.1,,0,,,,,
1500.93,BLOCKED,INSPECTING,1,0,0,2,0,WORKING,FALSE,BLOCKED,FALSE,FALSE,BLOCKED,TRUE,FALSE,0.01,,0,,,,,
1500.94,INSPECTING,INSPECTING,2,0,0,2,0,WORKING,FALSE,BLOCKED,FALSE,FALSE,BLOCKED,TRUE,FALSE,0,,0,,,,,
1502.93,INSPECTING,INSPECTING,1,0,0,2,0,WORKING,FALSE,BLOCKED,FALSE,FALSE,BLOCKED,TRUE,FALSE,0,,0,,,,,
1510.65,INSPECTING,INSPECTING,2,0,0,2,0,WORKING,FALSE,BLOCKED,FALSE,FALSE,BLOCKED,TRUE,FALSE,0,,0,,,,,
1511.87,INSPECTING,INSPECTING,1,0,0,2,0,WORKING,FALSE,BLOCKED,FALSE,FALSE,BLOCKED,TRUE,FALSE,0,,0,,,,,
1514.01,INSPECTING,INSPECTING,0,0,0,2,0,WORKING,FALSE,BLOCKED,FALSE,FALSE,BLOCKED,TRUE,FALSE,0,,0,,,,,
1517.8,INSPECTING,INSPECTING,0,0,0,2,0,BLOCKED,FALSE,BLOCKED,FALSE,FALSE,BLOCKED,TRUE,FALSE,0,,0,,,,,
1518.15,INSPECTING,INSPECTING,1,0,0,2,0,WORKING,FALSE,BLOCKED,FALSE,FALSE,BLOCKED,TRUE,FALSE,0,,0,,,,,
1518.74,INSPECTING,INSPECTING,0,0,0,2,0,WORKING,FALSE,BLOCKED,FALSE,FALSE,BLOCKED,TRUE,FALSE,0,,0,,,,,
1529.66,INSPECTING,INSPECTING,0,0,0,2,0,BLOCKED,FALSE,BLOCKED,FALSE,FALSE,BLOCKED,TRUE,FALSE,0,,0,,,,,
1532.53,INSPECTING,INSPECTING,1,0,0,2,0,WORKING,FALSE,BLOCKED,FALSE,FALSE,BLOCKED,TRUE,FALSE,0,,0,,,,,
1534.39,INSPECTING,INSPECTING,0,0,0,2,0,WORKING,FALSE,BLOCKED,FALSE,FALSE,BLOCKED,TRUE,FALSE,0,,0,,,,,
1536.58,INSPECTING,INSPECTING,0,0,0,2,0,WORKING,FALSE,BLOCKED,FALSE,FALSE,WORKING,FALSE,FALSE,0,,0,,,,,
1538.08,INSPECTING,INSPECTING,1,0,0,2,0,WORKING,FALSE,BLOCKED,TRUE,FALSE,WORKING,FALSE,FALSE,0,,0,,,,,
1541.8,INSPECTING,INSPECTING,0,0,0,2,0,WORKING,FALSE,BLOCKED,TRUE,FALSE,WORKING,FALSE,FALSE,0,,0,,,,,
1542.56,INSPECTING,INSPECTING,0,0,0,2,0,BLOCKED,FALSE,BLOCKED,TRUE,FALSE,WORKING,FALSE,FALSE,0,,0,,,,,
1545.3,INSPECTING,INSPECTING,0,0,0,1,0,BLOCKED,FALSE,BLOCKED,TRUE,FALSE,BLOCKED,TRUE,FALSE,0,,0,,,,,
1551.8,INSPECTING,INSPECTING,0,0,0,1,0,BLOCKED,FALSE,WORKING,FALSE,FALSE,BLOCKED,TRUE,FALSE,0,,0,,,,,
1554.34,INSPECTING,INSPECTING,0,0,1,1,0,BLOCKED,FALSE,WORKING,FALSE,FALSE,BLOCKED,TRUE,FALSE,0,,0,,,,,
1557.9,INSPECTING,INSPECTING,0,1,1,1,0,WORKING,FALSE,WORKING,FALSE,FALSE,BLOCKED,TRUE,FALSE,0,,0,,,,,
1559.35,INSPECTING,INSPECTING,0,1,1,1,0,BLOCKED,FALSE,WORKING,FALSE,FALSE,BLOCKED,TRUE,FALSE,0,,0,,,,,
1560.36,INSPECTING,INSPECTING,0,0,0,1,0,BLOCKED,FALSE,WORKING,FALSE,FALSE,BLOCKED,TRUE,FALSE,0,,0,,,,,
1563.2,INSPECTING,INSPECTING,0,0,1,1,0,BLOCKED,FALSE,WORKING,FALSE,FALSE,BLOCKED,TRUE,FALSE,0,,0,,,,,
1565.58,INSPECTING,INSPECTING,0,1,1,1,0,WORKING,FALSE,WORKING,FALSE,FALSE,BLOCKED,TRUE,FALSE,0,,0,,,,,
1567.01,INSPECTING,INSPECTING,1,2,1,1,0,WORKING,FALSE,WORKING,FALSE,FALSE,BLOCKED,TRUE,FALSE,0,,0,,,,,
1571.75,INSPECTING,INSPECTING,0,2,1,1,0,WORKING,FALSE,WORKING,FALSE,FALSE,BLOCKED,TRUE,FALSE,0,,0,,,,,
1574.32,INSPECTING,INSPECTING,0,1,0,1,0,WORKING,FALSE,WORKING,FALSE,FALSE,BLOCKED,TRUE,FALSE,0,,0,,,,,
1575.23,INSPECTING,INSPECTING,1,2,0,1,0,WORKING,FALSE,WORKING,FALSE,FALSE,BLOCKED,TRUE,FALSE,0,,0,,,,,
1575.88,INSPECTING,INSPECTING,1,2,1,1,0,WORKING,FALSE,WORKING,FALSE,FALSE,BLOCKED,TRUE,FALSE,0,,0,,,,,
1576.84,INSPECTING,INSPECTING,2,2,1,1,0,WORKING,FALSE,WORKING,FALSE,FALSE,BLOCKED,TRUE,FALSE,0,,0,,,,,
1580.43,BLOCKED,INSPECTING,2,2,1,1,0,WORKING,FALSE,WORKING,FALSE,FALSE,BLOCKED,TRUE,FALSE,1.45,,0,,,,,
1581.88,BLOCKED,INSPECTING,1,2,1,1,0,WORKING,FALSE,WORKING,FALSE,FALSE,BLOCKED,TRUE,FALSE,0.01,,0,,,,,
1581.89,INSPECTING,INSPECTING,2,2,1,1,0,WORKING,FALSE,WORKING,FALSE,FALSE,BLOCKED,TRUE,FALSE,0,,0,,,,,
1582.33,BLOCKED,INSPECTING,2,2,1,1,0,WORKING,FALSE,WORKING,FALSE,FALSE,BLOCKED,TRUE,FALSE,2.22,,0,,,,,
1584.55,BLOCKED,INSPECTING,2,2,2,1,0,WORKING,FALSE,WORKING,FALSE,FALSE,BLOCKED,TRUE,FALSE,0.01,,0,,,,,
1584.56,INSPECTING,INSPECTING,2,2,2,2,0,WORKING,FALSE,WORKING,FALSE,FALSE,BLOCKED,TRUE,FALSE,0,,0,,,,,
1591.58,INSPECTING,INSPECTING,1,2,2,2,0,WORKING,FALSE,WORKING,FALSE,FALSE,BLOCKED,TRUE,FALSE,0,,0,,,,,
1592.29,INSPECTING,INSPECTING,0,2,2,2,0,WORKING,FALSE,WORKING,FALSE,FALSE,BLOCKED,TRUE,FALSE,0,,0,,,,,
1598.3,INSPECTING,INSPECTING,2,2,2,2,0,WORKING,FALSE,WORKING,FALSE,FALSE,BLOCKED,TRUE,FALSE,0,,0,,,,,
1610.59,INSPECTING,INSPECTING,1,2,2,2,0,WORKING,FALSE,WORKING,FALSE,FALSE,BLOCKED,TRUE,FALSE,0,,0,,,,,
1613.37,INSPECTING,INSPECTING,1,1,1,2,0,WORKING,FALSE,WORKING,FALSE,FALSE,BLOCKED,TRUE,FALSE,0,,0,,,,,
1614.36,INSPECTING,INSPECTING,0,1,1,2,0,WORKING,FALSE,WORKING,FALSE,FALSE,BLOCKED,TRUE,FALSE,0,,0,,,,,
1614.61,INSPECTING,INSPECTING,2,1,1,2,0,WORKING,FALSE,WORKING,FALSE,FALSE,BLOCKED,TRUE,FALSE,0,,0,,,,,
1617.1,INSPECTING,INSPECTING,1,1,1,2,0,WORKING,FALSE,WORKING,FALSE,FALSE,BLOCKED,TRUE,FALSE,0,,0,,,,,
1622.6,INSPECTING,INSPECTING,1,0,0,2,0,WORKING,FALSE,WORKING,FALSE,FALSE,BLOCKED,TRUE,FALSE,0,,0,,,,,
1623.1,INSPECTING,INSPECTING,2,0,0,2,0,WORKING,FALSE,WORKING,FALSE,FALSE,BLOCKED,TRUE,FALSE,0,,0,,,,,
1630.19,INSPECTING,INSPECTING,1,0,0,2,0,WORKING,FALSE,WORKING,FALSE,FALSE,BLOCKED,TRUE,FALSE,0,,0,,,,,
1630.46,INSPECTING,INSPECTING,0,0,0,2,0,WORKING,FALSE,WORKING,FALSE,FALSE,BLOCKED,TRUE,FALSE,0,,0,,,,,
1632.33,INSPECTING,INSPECTING,0,0,0,2,0,BLOCKED,FALSE,WORKING,FALSE,FALSE,BLOCKED,TRUE,FALSE,0,,0,,,,,
1638.09,INSPECTING,INSPECTING,1,0,0,2,0,WORKING,FALSE,WORKING,FALSE,FALSE,BLOCKED,TRUE,FALSE,0,,0,,,,,
1639.28,INSPECTING,INSPECTING,1,0,0,2,0,WORKING,FALSE,BLOCKED,FALSE,FALSE,BLOCKED,TRUE,FALSE,0,,0,,,,,
1649.62,INSPECTING,INSPECTING,0,0,0,2,0,WORKING,FALSE,BLOCKED,FALSE,FALSE,BLOCKED,TRUE,FALSE,0,,0,,,,,
1650.43,INSPECTING,INSPECTING,0,0,0,2,0,WORKING,FALSE,BLOCKED,FALSE,FALSE,WORKING,FALSE,FALSE,0,,0,,,,,
1653.94,INSPECTING,INSPECTING,0,0,0,1,0,WORKING,FALSE,BLOCKED,FALSE,FALSE,BLOCKED,TRUE,FALSE,0,,0,,,,,
1654.37,INSPECTING,INSPECTING,0,0,0,1,0,BLOCKED,FALSE,BLOCKED,FALSE,FALSE,BLOCKED,TRUE,FALSE,0,,0,,,,,
1657.35,INSPECTING,INSPECTING,0,0,0,1,0,WORKING,FALSE,BLOCKED,TRUE,FALSE,BLOCKED,TRUE,FALSE,0,,0,,,,,
1670.18,INSPECTING,INSPECTING,0,0,0,1,0,BLOCKED,FALSE,BLOCKED,TRUE,FALSE,BLOCKED,TRUE,FALSE,0,,0,,,,,
1670.43,INSPECTING,INSPECTING,0,0,0,1,0,BLOCKED,FALSE,WORKING,FALSE,FALSE,BLOCKED,TRUE,FALSE,0,,0,,,,,
1670.57,INSPECTING,INSPECTING,0,0,0,2,0,WORKING,FALSE,WORKING,FALSE,FALSE,BLOCKED,TRUE,FALSE,0,,0,,,,,
1670.59,INSPECTING,INSPECTING,2,0,0,2,0,WORKING,FALSE,WORKING,FALSE,FALSE,BLOCKED,TRUE,FALSE,0,,0,,,,,
1670.97,INSPECTING,INSPECTING,2,0,0,2,0,WORKING,FALSE,WORKING,FALSE,FALSE,WORKING,FALSE,FALSE,0,,0,,,,,
1673.62,INSPECTING,INSPECTING,2,0,0,2,0,WORKING,FALSE,BLOCKED,FALSE,FALSE,WORKING,FALSE,FALSE,0,,0,,,,,
1675.33,INSPECTING,INSPECTING,1,0,0,2,0,WORKING,FALSE,BLOCKED,FALSE,FALSE,WORKING,FALSE,FALSE,0,,0,,,,,
1681.1,INSPECTING,INSPECTING,2,0,0,2,0,WORKING,FALSE,BLOCKED,FALSE,FALSE,WORKING,FALSE,FALSE,0,,0,,,,,
1684.92,INSPECTING,INSPECTING,2,0,0,1,0,WORKING,FALSE,BLOCKED,FALSE,FALSE,BLOCKED,TRUE,FALSE,0,,0,,,,,
1687.51,INSPECTING,INSPECTING,1,0,0,1,0,WORKING,FALSE,BLOCKED,FALSE,FALSE,BLOCKED,TRUE,FALSE,0,,0,,,,,
1688.18,INSPECTING,INSPECTING,2,0,0,2,0,WORKING,FALSE,BLOCKED,FALSE,FALSE,BLOCKED,TRUE,FALSE,0,,0,,,,,
1689.22,INSPECTING,INSPECTING,1,0,0,2,0,WORKING,FALSE,BLOCKED,FALSE,FALSE,BLOCKED,TRUE,FALSE,0,,0,,,,,
1689.84,INSPECTING,INSPECTING,2,0,0,2,0,WORKING,FALSE,BLOCKED,FALSE,FALSE,BLOCKED,TRUE,FALSE,0,,0,,,,,
1690.26,BLOCKED,INSPECTING,2,0,0,2,0,WORKING,FALSE,BLOCKED,FALSE,FALSE,BLOCKED,TRUE,FALSE,0.99,,0,,,,,
1691.25,BLOCKED,INSPECTING,1,0,0,2,0,WORKING,FALSE,BLOCKED,FALSE,FALSE,BLOCKED,TRUE,FALSE,0.01,,0,,,,,
1691.26,INSPECTING,INSPECTING,2,0,0,2,0,WORKING,FALSE,BLOCKED,FALSE,FALSE,BLOCKED,TRUE,FALSE,0,,0,,,,,
1692.34,BLOCKED,INSPECTING,2,0,0,2,0,WORKING,FALSE,BLOCKED,FALSE,FALSE,BLOCKED,TRUE,FALSE,20.17,,0,,,,,
1712.51,BLOCKED,INSPECTING,1,0,0,2,0,WORKING,FALSE,BLOCKED,FALSE,FALSE,BLOCKED,TRUE,FALSE,0.01,,0,,,,,
1712.52,INSPECTING,INSPECTING,2,0,0,2,0,WORKING,FALSE,BLOCKED,FALSE,FALSE,BLOCKED,TRUE,FALSE,0,,0,,,,,
1714.71,BLOCKED,INSPECTING,2,0,0,2,0,WORKING,FALSE,BLOCKED,FALSE,FALSE,BLOCKED,TRUE,FALSE,0.5,,0,,,,,
1715.21,BLOCKED,INSPECTING,1,0,0,2,0,WORKING,FALSE,BLOCKED,FALSE,FALSE,BLOCKED,TRUE,FALSE,0.01,,0,,,,,
1715.22,INSPECTING,INSPECTING,2,0,0,2,0,WORKING,FALSE,BLOCKED,FALSE,FALSE,BLOCKED,TRUE,FALSE,0,,0,,,,,
1716.92,INSPECTING,INSPECTING,1,0,0,2,0,WORKING,FALSE,BLOCKED,FALSE,FALSE,BLOCKED,TRUE,FALSE,0,,0,,,,,
1730.2,INSPECTING,INSPECTING,0,0,0,2,0,WORKING,FALSE,BLOCKED,FALSE,FALSE,BLOCKED,TRUE,FALSE,0,,0,,,,,
1730.53,INSPECTING,INSPECTING,2,0,0,2,0,WORKING,FALSE,BLOCKED,FALSE,FALSE,BLOCKED,TRUE,FALSE,0,,0,,,,,
1737.26,BLOCKED,INSPECTING,2,0,0,2,0,WORKING,FALSE,BLOCKED,FALSE,FALSE,BLOCKED,TRUE,FALSE,2.73,,0,,,,,
1739.99,BLOCKED,INSPECTING,1,0,0,2,0,WORKING,FALSE,BLOCKED,FALSE,FALSE,BLOCKED,TRUE,FALSE,0.01,,0,,,,,
1740,INSPECTING,INSPECTING,2,0,0,2,0,WORKING,FALSE,BLOCKED,FALSE,FALSE,BLOCKED,TRUE,FALSE,0,,0,,,,,
1740.34,INSPECTING,INSPECTING,1,0,0,2,0,WORKING,FALSE,BLOCKED,FALSE,FALSE,BLOCKED,TRUE,FALSE,0,,0,,,,,
1743.85,INSPECTING,INSPECTING,2,0,0,2,0,WORKING,FALSE,BLOCKED,FALSE,FALSE,BLOCKED,TRUE,FALSE,0,,0,,,,,
1743.94,INSPECTING,INSPECTING,1,0,0,2,0,WORKING,FALSE,BLOCKED,FALSE,FALSE,BLOCKED,TRUE,FALSE,0,,0,,,,,
1744.33,INSPECTING,INSPECTING,0,0,0,2,0,WORKING,FALSE,BLOCKED,FALSE,FALSE,BLOCKED,TRUE,FALSE,0,,0,,,,,
1745.13,INSPECTING,INSPECTING,0,0,0,2,0,BLOCKED,FALSE,BLOCKED,FALSE,FALSE,BLOCKED,TRUE,FALSE,0,,0,,,,,
1745.3,INSPECTING,INSPECTING,0,0,0,2,0,BLOCKED,FALSE,BLOCKED,FALSE,FALSE,WORKING,FALSE,FALSE,0,,0,,,,,
1746.8,INSPECTING,INSPECTING,0,0,0,2,0,BLOCKED,FALSE,BLOCKED,FALSE,TRUE,WORKING,FALSE,FALSE,0,,0,,,,,
1747.88,INSPECTING,INSPECTING,0,0,0,1,0,BLOCKED,FALSE,BLOCKED,FALSE,TRUE,BLOCKED,TRUE,FALSE,0,,0,,,,,
1749.09,INSPECTING,INSPECTING,0,0,0,1,0,WORKING,FALSE,WORKING,FALSE,FALSE,BLOCKED,TRUE,FALSE,0,,0,,,,,
1754.55,INSPECTING,INSPECTING,0,0,0,1,0,WORKING,FALSE,BLOCKED,FALSE,FALSE,BLOCKED,TRUE,FALSE,0,,0,,,,,
1755.61,INSPECTING,INSPECTING,0,0,0,1,0,BLOCKED,FALSE,BLOCKED,FALSE,FALSE,BLOCKED,TRUE,FALSE,0,,0,,,,,
1758.29,INSPECTING,INSPECTING,0,0,0,1,0,BLOCKED,FALSE,BLOCKED,FALSE,TRUE,BLOCKED,TRUE,FALSE,0,,0,,,,,
1765.36,INSPECTING,INSPECTING,0,0,0,1,0,BLOCKED,FALSE,BLOCKED,FALSE,TRUE,WORKING,FALSE,FALSE,0,,0,,,,,
1773.02,INSPECTING,INSPECTING,0,0,0,1,0,WORKING,FALSE,WORKING,FALSE,FALSE,WORKING,FALSE,FALSE,0,,0,,,,,
1778.19,INSPECTING,INSPECTING,0,0,0,1,0,BLOCKED,FALSE,WORKING,FALSE,FALSE,WORKING,FALSE,FALSE,0,,0,,,,,
1778.26,INSPECTING,INSPECTING,0,0,0,0,0,BLOCKED,FALSE,WORKING,FALSE,FALSE,BLOCKED,TRUE,FALSE,0,,0,,,,,
1781.54,INSPECTING,INSPECTING,0,0,0,0,0,BLOCKED,FALSE,BLOCKED,FALSE,FALSE,BLOCKED,TRUE,FALSE,0,,0,,,,,
1791.37,INSPECTING,INSPECTING,0,0,0,1,0,WORKING,FALSE,BLOCKED,FALSE,FALSE,BLOCKED,TRUE,FALSE,0,,0,,,,,
1792.79,INSPECTING,INSPECTING,1,0,0,2,0,WORKING,FALSE,BLOCKED,FALSE,FALSE,BLOCKED,TRUE,FALSE,0,,0,,,,,
1792.94,INSPECTING,INSPECTING,2,0,0,2,0,WORKING,FALSE,BLOCKED,FALSE,FALSE,BLOCKED,TRUE,FALSE,0,,0,,,,,
1796.37,INSPECTING,INSPECTING,1,0,0,2,0,WORKING,FALSE,BLOCKED,FALSE,FALSE,BLOCKED,TRUE,FALSE,0,,0,,,,,
1804.06,INSPECTING,INSPECTING,2,0,0,2,0,WORKING,FALSE,BLOCKED,FALSE,FALSE,BLOCKED,TRUE,FALSE,0,,0,,,,,
1808.68,INSPECTING,INSPECTING,1,0,0,2,0,WORKING,FALSE,BLOCKED,FALSE,FALSE,BLOCKED,TRUE,FALSE,0,,0,,,,,
1809.49,INSPECTING,INSPECTING,0,0,0,2,0,WORKING,FALSE,BLOCKED,FALSE,FALSE,BLOCKED,TRUE,FALSE,0,,0,,,,,
1823.25,INSPECTING,INSPECTING,2,0,0,2,0,WORKING,FALSE,BLOCKED,FALSE,FALSE,BLOCKED,TRUE,FALSE,0,,0,,,,,
1827.37,BLOCKED,INSPECTING,2,0,0,2,0,WORKING,FALSE,BLOCKED,FALSE,FALSE,BLOCKED,TRUE,FALSE,2.19,,0,,,,,
1829.56,BLOCKED,INSPECTING,1,0,0,2,0,WORKING,FALSE,BLOCKED,FALSE,FALSE,BLOCKED,TRUE,FALSE,0.01,,0,,,,,
1829.57,INSPECTING,INSPECTING,2,0,0,2,0,WORKING,FALSE,BLOCKED,FALSE,FALSE,BLOCKED,TRUE,FALSE,0,,0,,,,,
1830.36,BLOCKED,INSPECTING,2,0,0,2,0,WORKING,FALSE,BLOCKED,FALSE,FALSE,BLOCKED,TRUE,FALSE,8.64,,0,,,,,
1839,BLOCKED,INSPECTING,1,0,0,2,0,WORKING,FALSE,BLOCKED,FALSE,FALSE,BLOCKED,TRUE,FALSE,0.01,,0,,,,,
1839.01,INSPECTING,INSPECTING,2,0,0,2,0,WORKING,FALSE,BLOCKED,FALSE,FALSE,BLOCKED,TRUE,FALSE,0,,0,,,,,
1842.02,INSPECTING,INSPECTING,1,0,0,2,0,WORKING,FALSE,BLOCKED,FALSE,FALSE,BLOCKED,TRUE,FALSE,0,,0,,,,,
1842.3,INSPECTING,INSPECTING,0,0,0,2,0,WORKING,FALSE,BLOCKED,FALSE,FALSE,BLOCKED,TRUE,FALSE,0,,0,,,,,
1845.61,INSPECTING,INSPECTING,0,0,0,2,0,BLOCKED,FALSE,BLOCKED,FALSE,FALSE,BLOCKED,TRUE,FALSE,0,,0,,,,,
1848.37,INSPECTING,INSPECTING,1,0,0,2,0,WORKING,FALSE,BLOCKED,FALSE,FALSE,BLOCKED,TRUE,FALSE,0,,0,,,,,
1848.72,INSPECTING,INSPECTING,0,0,0,2,0,WORKING,FALSE,BLOCKED,FALSE,FALSE,BLOCKED,TRUE,FALSE,0,,0,,,,,
1849.33,INSPECTING,INSPECTING,2,0,0,2,0,WORKING,FALSE,BLOCKED,FALSE,FALSE,BLOCKED,TRUE,FALSE,0,,0,,,,,
1852,INSPECTING,INSPECTING,1,0,0,2,0,WORKING,FALSE,BLOCKED,FALSE,FALSE,BLOCKED,TRUE,FALSE,0,,0,,,,,
1860.4,INSPECTING,INSPECTING,0,0,0,2,0,WORKING,FALSE,BLOCKED,FALSE,FALSE,BLOCKED,TRUE,FALSE,0,,0,,,,,
1863.71,INSPECTING,INSPECTING,0,0,0,2,0,BLOCKED,FALSE,BLOCKED,FALSE,FALSE,BLOCKED,TRUE,FALSE,0,,0,,,,,
1867.27,INSPECTING,INSPECTING,0,0,0,2,0,BLOCKED,FALSE,BLOCKED,FALSE,FALSE,WORKING,FALSE,FALSE,0,,0,,,,,
1873.54,INSPECTING,INSPECTING,1,0,0,2,0,WORKING,FALSE,BLOCKED,FALSE,FALSE,WORKING,FALSE,FALSE,0,,0,,,,,
1874.92,INSPECTING,INSPECTING,1,0,0,1,0,WORKING,FALSE,BLOCKED,FALSE,FALSE,BLOCKED,TRUE,FALSE,0,,0,,,,,
1877.9,INSPECTING,INSPECTING,2,0,0,2,0,WORKING,FALSE,BLOCKED,FALSE,FALSE,BLOCKED,TRUE,FALSE,0,,0,,,,,
1881.4,BLOCKED,INSPECTING,2,0,0,2,0,WORKING,FALSE,BLOCKED,FALSE,FALSE,BLOCKED,TRUE,FALSE,0.42,,0,,,,,
1881.82,BLOCKED,INSPECTING,1,0,0,2,0,WORKING,FALSE,BLOCKED,FALSE,FALSE,BLOCKED,TRUE,FALSE,0.01,,0,,,,,
1881.83,INSPECTING,INSPECTING,2,0,0,2,0,WORKING,FALSE,BLOCKED,FALSE,FALSE,BLOCKED,TRUE,FALSE,0,,0,,,,,
1882.28,INSPECTING,INSPECTING,1,0,0,2,0,WORKING,FALSE,BLOCKED,FALSE,FALSE,BLOCKED,TRUE,FALSE,0,,0,,,,,
1882.9,INSPECTING,INSPECTING,2,0,0,2,0,WORKING,FALSE,BLOCKED,FALSE,FALSE,BLOCKED,TRUE,FALSE,0,,0,,,,,
1882.95,INSPECTING,INSPECTING,1,0,0,2,0,WORKING,FALSE,BLOCKED,FALSE,FALSE,BLOCKED,TRUE,FALSE,0,,0,,,,,
1886.68,INSPECTING,INSPECTING,2,0,0,2,0,WORKING,FALSE,BLOCKED,FALSE,FALSE,BLOCKED,TRUE,FALSE,0,,0,,,,,
1890.27,INSPECTING,INSPECTING,1,0,0,2,0,WORKING,FALSE,BLOCKED,FALSE,FALSE,BLOCKED,TRUE,FALSE,0,,0,,,,,
1890.43,INSPECTING,INSPECTING,0,0,0,2,0,WORKING,FALSE,BLOCKED,FALSE,FALSE,BLOCKED,TRUE,FALSE,0,,0,,,,,
1890.76,INSPECTING,INSPECTING,0,0,0,2,0,BLOCKED,FALSE,BLOCKED,FALSE,FALSE,BLOCKED,TRUE,FALSE,0,,0,,,,,
1900.48,INSPECTING,INSPECTING,0,0,0,2,0,BLOCKED,FALSE,BLOCKED,FALSE,FALSE,WORKING,FALSE,FALSE,0,,0,,,,,
1904.19,INSPECTING,INSPECTING,0,0,0,1,0,BLOCKED,FALSE,BLOCKED,FALSE,FALSE,BLOCKED,TRUE,FALSE,0,,0,,,,,
1909.3,INSPECTING,INSPECTING,0,0,0,1,0,WORKING,FALSE,BLOCKED,TRUE,FALSE,BLOCKED,TRUE,FALSE,0,,0,,,,,
1912.49,INSPECTING,INSPECTING,0,0,0,1,0,WORKING,FALSE,WORKING,FALSE,FALSE,BLOCKED,TRUE,FALSE,0,,0,,,,,
1913.02,INSPECTING,INSPECTING,1,0,0,2,0,WORKING,FALSE,WORKING,FALSE,FALSE,BLOCKED,TRUE,FALSE,0,,0,,,,,
1914.93,INSPECTING,INSPECTING,0,0,0,2,0,WORKING,FALSE,WORKING,FALSE,FALSE,BLOCKED,TRUE,FALSE,0,,0,,,,,
1916.86,INSPECTING,INSPECTING,0,0,0,2,0,BLOCKED,FALSE,WORKING,FALSE,FALSE,BLOCKED,TRUE,FALSE,0,,0,,,,,
1918.17,INSPECTING,INSPECTING,0,0,0,2,0,BLOCKED,FALSE,BLOCKED,FALSE,FALSE,BLOCKED,TRUE,FALSE,0,,0,,,,,
1920.2,INSPECTING,INSPECTING,1,0,0,2,0,WORKING,FALSE,BLOCKED,FALSE,FALSE,BLOCKED,TRUE,FALSE,0,,0,,,,,
1930.35,INSPECTING,INSPECTING,0,0,0,2,0,WORKING,FALSE,BLOCKED,FALSE,FALSE,BLOCKED,TRUE,FALSE,0,,0,,,,,
1941.8,INSPECTING,INSPECTING,0,0,0,2,0,BLOCKED,FALSE,BLOCKED,FALSE,FALSE,BLOCKED,TRUE,FALSE,0,,0,,,,,
1941.99,INSPECTING,INSPECTING,0,0,0,2,0,BLOCKED,FALSE,BLOCKED,FALSE,FALSE,WORKING,FALSE,FALSE,0,,0,,,,,
1947.33,INSPECTING,INSPECTING,0,0,0,2,1,BLOCKED,FALSE,BLOCKED,FALSE,FALSE,WORKING,FALSE,FALSE,0,,0,,,,,
1949.15,INSPECTING,INSPECTING,0,0,0,1,0,BLOCKED,FALSE,BLOCKED,FALSE,FALSE,WORKING,FALSE,FALSE,0,,0,,,,,
1955.71,INSPECTING,INSPECTING,0,0,0,0,0,BLOCKED,FALSE,BLOCKED,FALSE,FALSE,BLOCKED,TRUE,FALSE,0,,0,,,,,
1960.14,INSPECTING,INSPECTING,0,0,0,1,0,WORKING,FALSE,BLOCKED,FALSE,FALSE,BLOCKED,TRUE,FALSE,0,,0,,,,,
1961,INSPECTING,INSPECTING,0,0,0,1,0,BLOCKED,FALSE,BLOCKED,FALSE,FALSE,BLOCKED,TRUE,FALSE,0,,0,,,,,
1966.67,INSPECTING,INSPECTING,0,0,0,2,0,WORKING,FALSE,BLOCKED,FALSE,FALSE,BLOCKED,TRUE,FALSE,0,,0,,,,,
1968.48,INSPECTING,INSPECTING,0,0,0,2,0,BLOCKED,FALSE,BLOCKED,FALSE,FALSE,BLOCKED,TRUE,FALSE,0,,0,,,,,
1971.99,INSPECTING,INSPECTING,1,0,0,2,0,WORKING,FALSE,BLOCKED,FALSE,FALSE,BLOCKED,TRUE,FALSE,0,,0,,,,,
1973.63,INSPECTING,INSPECTING,2,0,0,2,0,WORKING,FALSE,BLOCKED,FALSE,FALSE,BLOCKED,TRUE,FALSE,0,,0,,,,,
1974.77,BLOCKED,INSPECTING,2,0,0,2,0,WORKING,FALSE,BLOCKED,FALSE,FALSE,BLOCKED,TRUE,FALSE,3.32,,0,,,,,
1978.09,BLOCKED,INSPECTING,1,0,0,2,0,WORKING,FALSE,BLOCKED,FALSE,FALSE,BLOCKED,TRUE,FALSE,0.01,,0,,,,,
1978.1,INSPECTING,INSPECTING,2,0,0,2,0,WORKING,FALSE,BLOCKED,FALSE,FALSE,BLOCKED,TRUE,FALSE,0,,0,,,,,
1987.92,INSPECTING,INSPECTING,1,0,0,2,0,WORKING,FALSE,BLOCKED,FALSE,FALSE,BLOCKED,TRUE,FALSE,0,,0,,,,,
1988.64,INSPECTING,INSPECTING,2,0,0,2,0,WORKING,FALSE,BLOCKED,FALSE,FALSE,BLOCKED,TRUE,FALSE,0,,0,,,,,
1995,INSPECTING,INSPECTING,2,0,0,2,0,WORKING,FALSE,BLOCKED,FALSE,FALSE,WORKING,FALSE,FALSE,0,,0,,,,,
1996.29,BLOCKED,INSPECTING,2,0,0,2,0,WORKING,FALSE,BLOCKED,FALSE,FALSE,WORKING,FALSE,FALSE,5.31,,0,,,,,
2001.6,BLOCKED,INSPECTING,1,0,0,2,0,WORKING,FALSE,BLOCKED,FALSE,FALSE,WORKING,FALSE,FALSE,0.01,,0,,,,,
2001.61,INSPECTING,INSPECTING,2,0,0,2,0,WORKING,FALSE,BLOCKED,FALSE,FALSE,WORKING,FALSE,FALSE,0,,0,,,,,
2002.3,INSPECTING,INSPECTING,2,0,0,1,0,WORKING,FALSE,BLOCKED,FALSE,FALSE,BLOCKED,TRUE,FALSE,0,,0,,,,,
2015.94,INSPECTING,INSPECTING,2,0,0,2,0,WORKING,FALSE,BLOCKED,FALSE,FALSE,BLOCKED,TRUE,FALSE,0,,0,,,,,
2018.66,BLOCKED,INSPECTING,2,0,0,2,0,WORKING,FALSE,BLOCKED,FALSE,FALSE,BLOCKED,TRUE,FALSE,6.14,,0,,,,,
2024.8,BLOCKED,INSPECTING,1,0,0,2,0,WORKING,FALSE,BLOCKED,FALSE,FALSE,BLOCKED,TRUE,FALSE,0.01,,0,,,,,
2024.81,INSPECTING,INSPECTING,2,0,0,2,0,WORKING,FALSE,BLOCKED,FALSE,FALSE,BLOCKED,TRUE,FALSE,0,,0,,,,,
2028.16,BLOCKED,INSPECTING,2,0,0,2,0,WORKING,FALSE,BLOCKED,FALSE,FALSE,BLOCKED,TRUE,FALSE,0.27,,0,,,,,
2028.43,BLOCKED,INSPECTING,1,0,0,2,0,WORKING,FALSE,BLOCKED,FALSE,FALSE,BLOCKED,TRUE,FALSE,0.01,,0,,,,,
2028.44,INSPECTING,INSPECTING,2,0,0,2,0,WORKING,FALSE,BLOCKED,FALSE,FALSE,BLOCKED,TRUE,FALSE,0,,0,,,,,
2028.47,INSPECTING,INSPECTING,1,0,0,2,0,WORKING,FALSE,BLOCKED,FALSE,FALSE,BLOCKED,TRUE,FALSE,0,,0,,,,,
2029.51,INSPECTING,INSPECTING,1,0,0,2,0,WORKING,FALSE,BLOCKED,FALSE,FALSE,WORKING,FALSE,FALSE,0,,0,,,,,
2039.16,INSPECTING,INSPECTING,0,0,0,2,0,WORKING,FALSE,BLOCKED,FALSE,FALSE,WORKING,FALSE,FALSE,0,,0,,,,,
2040.85,INSPECTING,INSPECTING,0,0,0,2,0,BLOCKED,FALSE,BLOCKED,FALSE,FALSE,WORKING,FALSE,FALSE,0,,0,,,,,
2042.64,INSPECTING,INSPECTING,1,0,0,2,0,WORKING,FALSE,BLOCKED,FALSE,FALSE,WORKING,FALSE,FALSE,0,,0,,,,,
2046.16,INSPECTING,INSPECTING,1,0,0,1,0,WORKING,FALSE,BLOCKED,FALSE,FALSE,BLOCKED,TRUE,FALSE,0,,0,,,,,
2050.08,INSPECTING,INSPECTING,0,0,0,1,0,WORKING,FALSE,BLOCKED,FALSE,FALSE,BLOCKED,TRUE,FALSE,0,,0,,,,,
2053.5,INSPECTING,INSPECTING,0,0,0,1,0,WORKING,FALSE,BLOCKED,FALSE,FALSE,WORKING,FALSE,FALSE,0,,0,,,,,
2053.83,INSPECTING,INSPECTING,0,0,0,1,0,BLOCKED,FALSE,BLOCKED,FALSE,FALSE,WORKING,FALSE,FALSE,0,,0,,,,,
2057.84,INSPECTING,INSPECTING,0,0,0,0,0,BLOCKED,FALSE,BLOCKED,FALSE,FALSE,BLOCKED,TRUE,FALSE,0,,0,,,,,
2067.54,INSPECTING,INSPECTING,0,0,0,0,0,BLOCKED,FALSE,BLOCKED,FALSE,TRUE,BLOCKED,TRUE,FALSE,0,,0,,,,,
2068.63,INSPECTING,INSPECTING,0,0,0,0,0,WORKING,FALSE,WORKING,FALSE,FALSE,BLOCKED,TRUE,FALSE,0,,0,,,,,
2069.83,INSPECTING,INSPECTING,0,0,0,0,0,BLOCKED,FALSE,WORKING,FALSE,FALSE,BLOCKED,TRUE,FALSE,0,,0,,,,,
2073.18,INSPECTING,INSPECTING,0,0,0,0,0,BLOCKED,FALSE,BLOCKED,FALSE,FALSE,BLOCKED,TRUE,FALSE,0,,0,,,,,
2076.63,INSPECTING,INSPECTING,0,0,0,1,0,WORKING,FALSE,BLOCKED,FALSE,FALSE,BLOCKED,TRUE,FALSE,0,,0,,,,,
2079.68,INSPECTING,INSPECTING,1,0,0,2,0,WORKING,FALSE,BLOCKED,FALSE,FALSE,BLOCKED,TRUE,FALSE,0,,0,,,,,
2080.82,INSPECTING,INSPECTING,0,0,0,2,0,WORKING,FALSE,BLOCKED,FALSE,FALSE,BLOCKED,TRUE,FALSE,0,,0,,,,,
2083.43,INSPECTING,INSPECTING,0,0,0,2,0,BLOCKED,FALSE,BLOCKED,FALSE,FALSE,BLOCKED,TRUE,FALSE,0,,0,,,,,
2091.41,INSPECTING,INSPECTING,0,0,0,2,0,BLOCKED,FALSE,BLOCKED,FALSE,FALSE,WORKING,FALSE,FALSE,0,,0,,,,,
2093.74,INSPECTING,INSPECTING,0,0,0,1,0,BLOCKED,FALSE,BLOCKED,FALSE,FALSE,BLOCKED,TRUE,FALSE,0,,0,,,,,
2093.76,INSPECTING,INSPECTING,0,0,0,2,0,WORKING,FALSE,BLOCKED,FALSE,FALSE,BLOCKED,TRUE,FALSE,0,,0,,,,,
2094.31,INSPECTING,INSPECTING,0,0,0,2,0,BLOCKED,FALSE,BLOCKED,FALSE,FALSE,BLOCKED,TRUE,FALSE,0,,0,,,,,
2097.9,INSPECTING,INSPECTING,1,0,0,2,0,WORKING,FALSE,BLOCKED,FALSE,FALSE,BLOCKED,TRUE,FALSE,0,,0,,,,,
2100.61,INSPECTING,INSPECTING,0,0,0,2,0,WORKING,FALSE,BLOCKED,FALSE,FALSE,BLOCKED,TRUE,FALSE,0,,0,,,,,
2102.84,INSPECTING,INSPECTING,0,0,0,2,0,BLOCKED,FALSE,BLOCKED,FALSE,FALSE,BLOCKED,TRUE,FALSE,0,,0,,,,,
2108.91,INSPECTING,INSPECTING,1,0,0,2,0,WORKING,FALSE,BLOCKED,FALSE,FALSE,BLOCKED,TRUE,FALSE,0,,0,,,,,
2113.08,INSPECTING,INSPECTING,0,0,0,2,0,WORKING,FALSE,BLOCKED,FALSE,FALSE,BLOCKED,TRUE,FALSE,0,,0,,,,,
2113.47,INSPECTING,INSPECTING,0,0,0,2,0,BLOCKED,FALSE,BLOCKED,FALSE,FALSE,BLOCKED,TRUE,FALSE,0,,0,,,,,
2120.41,INSPECTING,INSPECTING,0,0,0,2,0,BLOCKED,FALSE,BLOCKED,FALSE,FALSE,WORKING,FALSE,FALSE,0,,0,,,,,
2120.56,INSPECTING,INSPECTING,0,0,0,1,0,BLOCKED,FALSE,BLOCKED,FALSE,FALSE,BLOCKED,TRUE,FALSE,0,,0,,,,,
2128.73,INSPECTING,INSPECTING,0,0,0,1,0,WORKING,FALSE,BLOCKED,TRUE,FALSE,BLOCKED,TRUE,FALSE,0,,0,,,,,
2128.86,INSPECTING,INSPECTING,0,0,0,1,0,WORKING,FALSE,WORKING,FALSE,FALSE,BLOCKED,TRUE,FALSE,0,,0,,,,,
2129.27,INSPECTING,INSPECTING,0,0,0,1,0,WORKING,FALSE,BLOCKED,FALSE,FALSE,BLOCKED,TRUE,FALSE,0,,0,,,,,
2132.41,INSPECTING,INSPECTING,0,0,0,1,0,WORKING,FALSE,BLOCKED,FALSE,TRUE,BLOCKED,TRUE,FALSE,0,,0,,,,,
2133.21,INSPECTING,INSPECTING,1,0,0,1,0,WORKING,FALSE,WORKING,FALSE,FALSE,BLOCKED,TRUE,FALSE,0,,0,,,,,
2135.25,INSPECTING,INSPECTING,0,0,0,1,0,WORKING,FALSE,WORKING,FALSE,FALSE,BLOCKED,TRUE,FALSE,0,,0,,,,,
2137.08,INSPECTING,INSPECTING,0,0,0,1,0,BLOCKED,FALSE,WORKING,FALSE,FALSE,BLOCKED,TRUE,FALSE,0,,0,,,,,
2141.68,INSPECTING,INSPECTING,0,0,1,1,0,BLOCKED,FALSE,WORKING,FALSE,FALSE,BLOCKED,TRUE,FALSE,0,,0,,,,,
2145.43,INSPECTING,INSPECTING,0,0,2,1,0,BLOCKED,FALSE,WORKING,FALSE,FALSE,BLOCKED,TRUE,FALSE,0,,0,,,,,
2146.46,INSPECTING,INSPECTING,0,1,2,1,0,WORKING,FALSE,WORKING,FALSE,FALSE,BLOCKED,TRUE,FALSE,0,,0,,,,,
2148.47,INSPECTING,INSPECTING,0,1,2,1,0,BLOCKED,FALSE,WORKING,FALSE,FALSE,BLOCKED,TRUE,FALSE,0,,0,,,,,
2154.64,INSPECTING,INSPECTING,0,0,1,1,0,BLOCKED,FALSE,WORKING,FALSE,FALSE,BLOCKED,TRUE,FALSE,0,,0,,,,,
2163.4,INSPECTING,INSPECTING,0,1,1,1,0,WORKING,FALSE,WORKING,FALSE,FALSE,BLOCKED,TRUE,FALSE,0,,0,,,,,
2164.72,INSPECTING,INSPECTING,0,1,1,1,0,BLOCKED,FALSE,WORKING,FALSE,FALSE,BLOCKED,TRUE,FALSE,0,,0,,,,,
2168.68,INSPECTING,INSPECTING,0,0,0,1,0,BLOCKED,FALSE,WORKING,FALSE,FALSE,BLOCKED,TRUE,FALSE,0,,0,,,,,
2171.08,INSPECTING,INSPECTING,0,0,1,1,0,BLOCKED,FALSE,WORKING,FALSE,FALSE,BLOCKED,TRUE,FALSE,0,,0,,,,,
2172.33,INSPECTING,INSPECTING,0,0,0,1,0,BLOCKED,FALSE,BLOCKED,FALSE,TRUE,BLOCKED,TRUE,FALSE,0,,0,,,,,
2180.33,INSPECTING,INSPECTING,0,0,0,1,0,WORKING,FALSE,WORKING,FALSE,FALSE,BLOCKED,TRUE,FALSE,0,,0,,,,,
2181.77,INSPECTING,INSPECTING,0,0,0,1,0,BLOCKED,FALSE,WORKING,FALSE,FALSE,BLOCKED,TRUE,FALSE,0,,0,,,,,
2184.22,INSPECTING,INSPECTING,0,0,0,1,0,BLOCKED,FALSE,BLOCKED,FALSE,FALSE,BLOCKED,TRUE,FALSE,0,,0,,,,,
2195.91,INSPECTING,INSPECTING,0,0,0,1,0,BLOCKED,FALSE,BLOCKED,FALSE,TRUE,BLOCKED,TRUE,FALSE,0,,0,,,,,
2199.35,INSPECTING,INSPECTING,0,0,0,1,0,WORKING,FALSE,WORKING,FALSE,FALSE,BLOCKED,TRUE,FALSE,0,,0,,,,,
2202.87,INSPECTING,INSPECTING,1,1,0,1,0,WORKING,FALSE,WORKING,FALSE,FALSE,BLOCKED,TRUE,FALSE,0,,0,,,,,
2205.57,INSPECTING,INSPECTING,2,2,0,1,0,WORKING,FALSE,WORKING,FALSE,FALSE,BLOCKED,TRUE,FALSE,0,,0,,,,,
2213.19,BLOCKED,INSPECTING,2,2,0,1,0,WORKING,FALSE,WORKING,FALSE,FALSE,BLOCKED,TRUE,FALSE,4.04,,0,,,,,
2217.23,BLOCKED,INSPECTING,2,1,0,1,0,WORKING,FALSE,BLOCKED,TRUE,FALSE,BLOCKED,TRUE,FALSE,0.01,,0,,,,,
2217.24,INSPECTING,INSPECTING,2,2,0,1,0,WORKING,FALSE,BLOCKED,TRUE,FALSE,BLOCKED,TRUE,FALSE,0,,0,,,,,
2219.7,INSPECTING,INSPECTING,1,2,0,1,0,WORKING,FALSE,BLOCKED,TRUE,FALSE,BLOCKED,TRUE,FALSE,0,,0,,,,,
2223.6,INSPECTING,INSPECTING,1,2,0,1,0,WORKING,FALSE,WORKING,FALSE,FALSE,BLOCKED,TRUE,FALSE,0,,0,,,,,
2233.28,INSPECTING,INSPECTING,0,2,0,1,0,WORKING,FALSE,WORKING,FALSE,FALSE,BLOCKED,TRUE,FALSE,0,,0,,,,,
2237.2,INSPECTING,INSPECTING,0,2,0,1,0,BLOCKED,FALSE,WORKING,FALSE,FALSE,BLOCKED,TRUE,FALSE,0,,0,,,,,
2239.02,INSPECTING,INSPECTING,0,1,0,1,0,BLOCKED,FALSE,BLOCKED,TRUE,FALSE,BLOCKED,TRUE,FALSE,0,,0,,,,,
2239.72,INSPECTING,INSPECTING,0,2,0,1,0,WORKING,FALSE,BLOCKED,TRUE,FALSE,BLOCKED,TRUE,FALSE,0,,0,,,,,
2241.58,INSPECTING,INSPECTING,2,2,0,1,0,WORKING,FALSE,BLOCKED,TRUE,FALSE,BLOCKED,TRUE,FALSE,0,,0,,,,,
2242.75,BLOCKED,INSPECTING,2,2,0,1,0,WORKING,FALSE,BLOCKED,TRUE,FALSE,BLOCKED,TRUE,FALSE,6.72,,0,,,,,
2249.47,BLOCKED,INSPECTING,2,2,0,1,0,WORKING,FALSE,WORKING,FALSE,FALSE,BLOCKED,TRUE,FALSE,1.07,,0,,,,,
2250.54,BLOCKED,INSPECTING,1,2,0,1,0,WORKING,FALSE,WORKING,FALSE,FALSE,BLOCKED,TRUE,FALSE,0.01,,0,,,,,
2250.55,INSPECTING,INSPECTING,2,2,0,1,0,WORKING,FALSE,WORKING,FALSE,FALSE,BLOCKED,TRUE,FALSE,0,,0,,,,,
2258.05,INSPECTING,INSPECTING,1,2,0,1,0,WORKING,FALSE,WORKING,FALSE,FALSE,BLOCKED,TRUE,FALSE,0,,0,,,,,
2259.53,INSPECTING,INSPECTING,0,2,0,1,0,WORKING,FALSE,WORKING,FALSE,FALSE,BLOCKED,TRUE,FALSE,0,,0,,,,,
2261.38,INSPECTING,INSPECTING,0,2,0,1,0,BLOCKED,FALSE,WORKING,FALSE,FALSE,BLOCKED,TRUE,FALSE,0,,0,,,,,
2267.82,INSPECTING,INSPECTING,0,2,1,1,0,BLOCKED,FALSE,WORKING,FALSE,FALSE,BLOCKED,TRUE,FALSE,0,,0,,,,,
2270.81,INSPECTING,INSPECTING,0,1,0,1,0,BLOCKED,FALSE,WORKING,FALSE,FALSE,BLOCKED,TRUE,FALSE,0,,0,,,,,
2273.67,INSPECTING,INSPECTING,0,1,0,2,0,WORKING,FALSE,WORKING,FALSE,FALSE,BLOCKED,TRUE,FALSE,0,,0,,,,,
2274.21,INSPECTING,INSPECTING,0,1,0,2,0,BLOCKED,FALSE,WORKING,FALSE,FALSE,BLOCKED,TRUE,FALSE,0,,0,,,,,
2275.37,INSPECTING,INSPECTING,1,1,0,2,0,WORKING,FALSE,WORKING,FALSE,FALSE,BLOCKED,TRUE,FALSE,0,,0,,,,,
2277.52,INSPECTING,INSPECTING,2,1,0,2,0,WORKING,FALSE,WORKING,FALSE,FALSE,BLOCKED,TRUE,FALSE,0,,0,,,,,
2278.76,INSPECTING,INSPECTING,1,1,0,2,0,WORKING,FALSE,WORKING,FALSE,FALSE,BLOCKED,TRUE,FALSE,0,,0,,,,,
2279.2,INSPECTING,INSPECTING,0,1,0,2,0,WORKING,FALSE,WORKING,FALSE,FALSE,BLOCKED,TRUE,FALSE,0,,0,,,,,
2280.75,INSPECTING,INSPECTING,2,1,0,2,0,WORKING,FALSE,WORKING,FALSE,FALSE,BLOCKED,TRUE,FALSE,0,,0,,,,,
2282.33,BLOCKED,INSPECTING,2,1,0,2,0,WORKING,FALSE,WORKING,FALSE,FALSE,BLOCKED,TRUE,FALSE,2.45,,0,,,,,
2284.78,BLOCKED,INSPECTING,2,1,0,2,0,WORKING,FALSE,WORKING,FALSE,FALSE,WORKING,FALSE,FALSE,7.66,,0,,,,,
2292.44,BLOCKED,INSPECTING,1,1,0,2,0,WORKING,FALSE,WORKING,FALSE,FALSE,WORKING,FALSE,FALSE,0.01,,0,,,,,
2292.45,INSPECTING,INSPECTING,2,1,0,2,0,WORKING,FALSE,WORKING,FALSE,FALSE,WORKING,FALSE,FALSE,0,,0,,,,,
2295.67,BLOCKED,INSPECTING,2,1,0,2,0,WORKING,FALSE,WORKING,FALSE,FALSE,WORKING,FALSE,FALSE,0.63,,0,,,,,
2296.3,BLOCKED,INSPECTING,1,1,0,2,0,WORKING,FALSE,WORKING,FALSE,FALSE,WORKING,FALSE,FALSE,0.01,,0,,,,,
2296.31,INSPECTING,INSPECTING,2,1,0,2,0,WORKING,FALSE,WORKING,FALSE,FALSE,WORKING,FALSE,FALSE,0,,0,,,,,
2297.09,INSPECTING,INSPECTING,1,1,0,2,0,WORKING,FALSE,WORKING,FALSE,FALSE,WORKING,FALSE,FALSE,0,,0,,,,,
2298.97,INSPECTING,INSPECTING,1,0,0,2,0,WORKING,FALSE,BLOCKED,TRUE,FALSE,WORKING,FALSE,FALSE,0,,0,,,,,
2301.6,INSPECTING,INSPECTING,1,0,0,1,0,WORKING,FALSE,BLOCKED,TRUE,FALSE,BLOCKED,TRUE,FALSE,0,,0,,,,,
2304.53,INSPECTING,INSPECTING,0,0,0,1,0,WORKING,FALSE,BLOCKED,TRUE,FALSE,BLOCKED,TRUE,FALSE,0,,0,,,,,
2307.12,INSPECTING,INSPECTING,0,0,0,1,0,BLOCKED,FALSE,BLOCKED,TRUE,FALSE,BLOCKED,TRUE,FALSE,0,,0,,,,,
2309.43,INSPECTING,INSPECTING,0,0,0,1,0,BLOCKED,FALSE,BLOCKED,TRUE,FALSE,WORKING,FALSE,FALSE,0,,0,,,,,
2314.55,INSPECTING,INSPECTING,0,0,0,1,1,BLOCKED,FALSE,BLOCKED,TRUE,FALSE,WORKING,FALSE,FALSE,0,,0,,,,,
2317.96,INSPECTING,INSPECTING,0,0,0,0,0,BLOCKED,FALSE,BLOCKED,TRUE,FALSE,WORKING,FALSE,FALSE,0,,0,,,,,
2323.22,INSPECTING,INSPECTING,0,1,0,0,0,WORKING,FALSE,BLOCKED,TRUE,FALSE,WORKING,FALSE,FALSE,0,,0,,,,,
2329.6,INSPECTING,INSPECTING,0,1,0,0,0,WORKING,FALSE,BLOCKED,TRUE,FALSE,BLOCKED,FALSE,FALSE,0,,0,,,,,
2336.64,INSPECTING,INSPECTING,0,1,0,0,0,WORKING,FALSE,WORKING,FALSE,FALSE,BLOCKED,FALSE,FALSE,0,,0,,,,,
2336.68,INSPECTING,INSPECTING,0,0,0,0,0,WORKING,FALSE,BLOCKED,TRUE,FALSE,BLOCKED,FALSE,FALSE,0,,0,,,,,
2339.75,INSPECTING,INSPECTING,0,0,0,0,0,BLOCKED,FALSE,BLOCKED,TRUE,FALSE,BLOCKED,FALSE,FALSE,0,,0,,,,,
2340.08,INSPECTING,INSPECTING,0,0,0,0,0,WORKING,FALSE,BLOCKED,TRUE,FALSE,BLOCKED,TRUE,FALSE,0,,0,,,,,
2346.03,INSPECTING,INSPECTING,0,0,0,0,0,BLOCKED,FALSE,BLOCKED,TRUE,FALSE,BLOCKED,TRUE,FALSE,0,,0,,,,,
2347.53,INSPECTING,INSPECTING,0,0,0,0,0,BLOCKED,FALSE,BLOCKED,TRUE,FALSE,WORKING,FALSE,FALSE,0,,0,,,,,
2352.03,INSPECTING,INSPECTING,0,0,0,1,0,WORKING,FALSE,BLOCKED,TRUE,FALSE,WORKING,FALSE,FALSE,0,,0,,,,,
2354.19,INSPECTING,INSPECTING,0,0,0,0,0,WORKING,FALSE,BLOCKED,TRUE,FALSE,BLOCKED,TRUE,FALSE,0,,0,,,,,
2362.67,INSPECTING,INSPECTING,0,0,0,0,0,BLOCKED,FALSE,BLOCKED,TRUE,FALSE,BLOCKED,TRUE,FALSE,0,,0,,,,,
2363.39,INSPECTING,INSPECTING,0,0,0,0,0,BLOCKED,FALSE,BLOCKED,TRUE,FALSE,WORKING,FALSE,FALSE,0,,0,,,,,
2363.78,INSPECTING,INSPECTING,0,1,0,0,0,WORKING,FALSE,BLOCKED,TRUE,FALSE,WORKING,FALSE,FALSE,0,,0,,,,,
2368.33,INSPECTING,INSPECTING,0,1,0,0,0,BLOCKED,FALSE,BLOCKED,TRUE,FALSE,WORKING,FALSE,FALSE,0,,0,,,,,
2370.07,INSPECTING,INSPECTING,0,2,0,0,0,WORKING,FALSE,BLOCKED,TRUE,FALSE,WORKING,FALSE,FALSE,0,,0,,,,,
2370.65,INSPECTING,INSPECTING,0,2,0,0,0,BLOCKED,FALSE,BLOCKED,TRUE,FALSE,WORKING,FALSE,FALSE,0,,0,,,,,
2374.73,INSPECTING,INSPECTING,0,2,0,0,0,BLOCKED,FALSE,BLOCKED,TRUE,FALSE,BLOCKED,FALSE,FALSE,0,,0,,,,,
2387.57,INSPECTING,INSPECTING,0,2,0,0,0,BLOCKED,FALSE,WORKING,FALSE,FALSE,BLOCKED,FALSE,FALSE,0,,0,,,,,
2389.88,INSPECTING,INSPECTING,1,2,0,0,0,WORKING,FALSE,WORKING,FALSE,FALSE,BLOCKED,FALSE,FALSE,0,,0,,,,,
2390.24,INSPECTING,INSPECTING,0,2,0,0,0,WORKING,FALSE,WORKING,FALSE,FALSE,BLOCKED,FALSE,FALSE,0,,0,,,,,
2390.52,INSPECTING,INSPECTING,0,2,0,0,0,BLOCKED,FALSE,WORKING,FALSE,FALSE,BLOCKED,FALSE,FALSE,0,,0,,,,,
2398.83,INSPECTING,INSPECTING,0,2,1,0,0,BLOCKED,FALSE,WORKING,FALSE,FALSE,BLOCKED,FALSE,FALSE,0,,0,,,,,
2401.04,INSPECTING,INSPECTING,0,1,0,0,0,BLOCKED,FALSE,WORKING,FALSE,FALSE,BLOCKED,FALSE,FALSE,0,,0,,,,,
2405.81,INSPECTING,INSPECTING,0,1,0,0,0,BLOCKED,FALSE,WORKING,FALSE,FALSE,BLOCKED,FALSE,TRUE,0,,0,,,,,
2417.44,INSPECTING,INSPECTING,0,0,0,0,0,BLOCKED,FALSE,BLOCKED,TRUE,FALSE,BLOCKED,FALSE,TRUE,0,,0,,,,,
2434.08,INSPECTING,INSPECTING,0,0,0,0,0,WORKING,FALSE,BLOCKED,TRUE,FALSE,WORKING,FALSE,FALSE,0,,0,,,,,
2435.26,INSPECTING,INSPECTING,0,0,0,0,0,WORKING,FALSE,BLOCKED,TRUE,FALSE,BLOCKED,FALSE,FALSE,0,,0,,,,,
2435.83,INSPECTING,INSPECTING,0,0,0,0,0,WORKING,FALSE,BLOCKED,TRUE,FALSE,BLOCKED,FALSE,TRUE,0,,0,,,,,
2436.69,INSPECTING,INSPECTING,0,0,0,0,0,BLOCKED,FALSE,BLOCKED,TRUE,FALSE,BLOCKED,FALSE,TRUE,0,,0,,,,,
2442.57,INSPECTING,INSPECTING,0,0,0,0,0,WORKING,FALSE,BLOCKED,TRUE,FALSE,WORKING,FALSE,FALSE,0,,0,,,,,
2445.72,INSPECTING,INSPECTING,1,1,0,0,0,WORKING,FALSE,BLOCKED,TRUE,FALSE,WORKING,FALSE,FALSE,0,,0,,,,,
2447.19,INSPECTING,INSPECTING,1,1,0,0,0,WORKING,FALSE,WORKING,FALSE,FALSE,WORKING,FALSE,FALSE,0,,0,,,,,
2449.87,INSPECTING,INSPECTING,0,1,0,0,0,WORKING,FALSE,WORKING,FALSE,FALSE,WORKING,FALSE,FALSE,0,,0,,,,,
2453.19,INSPECTING,INSPECTING,0,0,0,0,0,WORKING,FALSE,BLOCKED,TRUE,FALSE,WORKING,FALSE,FALSE,0,,0,,,,,
2454.69,INSPECTING,INSPECTING,0,0,0,0,0,BLOCKED,FALSE,BLOCKED,TRUE,FALSE,WORKING,FALSE,FALSE,0,,0,,,,,
2455.7,INSPECTING,INSPECTING,0,0,0,0,0,BLOCKED,FALSE,BLOCKED,TRUE,FALSE,BLOCKED,FALSE,FALSE,0,,0,,,,,
2457.08,INSPECTING,INSPECTING,0,0,0,0,0,WORKING,FALSE,BLOCKED,TRUE,FALSE,BLOCKED,TRUE,FALSE,0,,0,,,,,
2461.78,INSPECTING,INSPECTING,0,0,0,0,0,WORKING,FALSE,BLOCKED,TRUE,FALSE,WORKING,FALSE,FALSE,0,,0,,,,,
2464.07,INSPECTING,INSPECTING,0,0,0,0,0,BLOCKED,FALSE,BLOCKED,TRUE,FALSE,WORKING,FALSE,FALSE,0,,0,,,,,
2464.12,INSPECTING,INSPECTING,0,1,0,0,0,WORKING,FALSE,BLOCKED,TRUE,FALSE,WORKING,FALSE,FALSE,0,,0,,,,,
2467.69,INSPECTING,INSPECTING,0,1,0,0,0,BLOCKED,FALSE,BLOCKED,TRUE,FALSE,WORKING,FALSE,FALSE,0,,0,,,,,
2476.52,INSPECTING,INSPECTING,0,2,0,0,0,WORKING,FALSE,BLOCKED,TRUE,FALSE,WORKING,FALSE,FALSE,0,,0,,,,,
2482.4,INSPECTING,INSPECTING,2,2,0,0,0,WORKING,FALSE,BLOCKED,TRUE,FALSE,WORKING,FALSE,FALSE,0,,0,,,,,
2485.36,INSPECTING,INSPECTING,2,2,0,0,0,WORKING,FALSE,WORKING,FALSE,FALSE,WORKING,FALSE,FALSE,0,,0,,,,,
2485.96,INSPECTING,INSPECTING,1,2,0,0,0,WORKING,FALSE,WORKING,FALSE,FALSE,WORKING,FALSE,FALSE,0,,0,,,,,
2488.41,INSPECTING,INSPECTING,0,2,0,0,0,WORKING,FALSE,WORKING,FALSE,FALSE,WORKING,FALSE,FALSE,0,,0,,,,,
2493.23,INSPECTING,INSPECTING,0,2,0,0,0,BLOCKED,FALSE,WORKING,FALSE,FALSE,WORKING,FALSE,FALSE,0,,0,,,,,
2493.31,INSPECTING,INSPECTING,0,1,0,0,0,BLOCKED,FALSE,BLOCKED,TRUE,FALSE,WORKING,FALSE,FALSE,0,,0,,,,,
2501.02,INSPECTING,INSPECTING,0,1,0,0,0,BLOCKED,FALSE,WORKING,FALSE,FALSE,WORKING,FALSE,FALSE,0,,0,,,,,
2501.7,INSPECTING,INSPECTING,0,0,0,0,0,BLOCKED,FALSE,BLOCKED,TRUE,FALSE,WORKING,FALSE,FALSE,0,,0,,,,,
2510.6,INSPECTING,INSPECTING,0,0,0,0,0,BLOCKED,FALSE,BLOCKED,TRUE,FALSE,BLOCKED,FALSE,FALSE,0,,0,,,,,
2512.52,INSPECTING,INSPECTING,0,0,0,0,0,BLOCKED,FALSE,WORKING,FALSE,FALSE,BLOCKED,FALSE,FALSE,0,,0,,,,,
2520.48,INSPECTING,INSPECTING,0,0,0,0,0,BLOCKED,FALSE,BLOCKED,FALSE,FALSE,BLOCKED,FALSE,FALSE,0,,0,,,,,
2521.37,INSPECTING,INSPECTING,0,0,0,0,0,WORKING,FALSE,BLOCKED,FALSE,FALSE,BLOCKED,TRUE,FALSE,0,,0,,,,,
2522.09,INSPECTING,INSPECTING,1,0,0,1,0,WORKING,FALSE,BLOCKED,FALSE,FALSE,BLOCKED,TRUE,FALSE,0,,0,,,,,
2523.6,INSPECTING,INSPECTING,0,0,0,1,0,WORKING,FALSE,BLOCKED,FALSE,FALSE,BLOCKED,TRUE,FALSE,0,,0,,,,,
2533.69,INSPECTING,INSPECTING,1,0,0,2,0,WORKING,FALSE,BLOCKED,FALSE,FALSE,BLOCKED,TRUE,FALSE,0,,0,,,,,
2534.29,INSPECTING,INSPECTING,1,0,0,2,0,WORKING,FALSE,BLOCKED,FALSE,FALSE,WORKING,FALSE,FALSE,0,,0,,,,,
2540.75,INSPECTING,INSPECTING,1,0,0,1,0,WORKING,FALSE,BLOCKED,FALSE,FALSE,BLOCKED,TRUE,FALSE,0,,0,,,,,
2541.35,INSPECTING,INSPECTING,2,0,0,1,0,WORKING,FALSE,BLOCKED,TRUE,FALSE,BLOCKED,TRUE,FALSE,0,,0,,,,,
2544.48,INSPECTING,INSPECTING,1,0,0,1,0,WORKING,FALSE,BLOCKED,TRUE,FALSE,BLOCKED,TRUE,FALSE,0,,0,,,,,
2545.82,INSPECTING,INSPECTING,2,1,0,1,0,WORKING,FALSE,BLOCKED,TRUE,FALSE,BLOCKED,TRUE,FALSE,0,,0,,,,,
2550.96,INSPECTING,INSPECTING,2,1,0,1,0,WORKING,FALSE,WORKING,FALSE,FALSE,BLOCKED,TRUE,FALSE,0,,0,,,,,
2551.98,INSPECTING,INSPECTING,2,0,0,1,0,WORKING,FALSE,BLOCKED,TRUE,FALSE,BLOCKED,TRUE,FALSE,0,,0,,,,,
2555.36,INSPECTING,INSPECTING,1,0,0,1,0,WORKING,FALSE,BLOCKED,TRUE,FALSE,BLOCKED,TRUE,FALSE,0,,0,,,,,
2559.02,INSPECTING,INSPECTING,0,0,0,1,0,WORKING,FALSE,BLOCKED,TRUE,FALSE,BLOCKED,TRUE,FALSE,0,,0,,,,,
2560.84,INSPECTING,INSPECTING,0,0,0,1,0,BLOCKED,FALSE,BLOCKED,TRUE,FALSE,BLOCKED,TRUE,FALSE,0,,0,,,,,
2570.61,INSPECTING,INSPECTING,0,0,0,1,0,BLOCKED,FALSE,BLOCKED,TRUE,FALSE,WORKING,FALSE,FALSE,0,,0,,,,,
2571.16,INSPECTING,INSPECTING,0,0,0,1,1,BLOCKED,FALSE,BLOCKED,TRUE,FALSE,WORKING,FALSE,FALSE,0,,0,,,,,
2575.72,INSPECTING,INSPECTING,0,0,0,1,1,BLOCKED,FALSE,WORKING,FALSE,FALSE,WORKING,FALSE,FALSE,0,,0,,,,,
2577.68,INSPECTING,INSPECTING,0,0,0,1,2,BLOCKED,FALSE,WORKING,FALSE,FALSE,WORKING,FALSE,FALSE,0,,0,,,,,
2579.94,INSPECTING,INSPECTING,0,1,0,1,2,WORKING,FALSE,WORKING,FALSE,FALSE,WORKING,FALSE,FALSE,0,,0,,,,,
2579.96,INSPECTING,INSPECTING,0,1,1,1,2,WORKING,FALSE,WORKING,FALSE,FALSE,WORKING,FALSE,FALSE,0,,0,,,,,
2581.96,INSPECTING,INSPECTING,0,0,0,1,2,WORKING,FALSE,WORKING,FALSE,FALSE,WORKING,FALSE,FALSE,0,,0,,,,,
2582.02,INSPECTING,INSPECTING,0,0,0,1,2,WORKING,FALSE,BLOCKED,FALSE,FALSE,WORKING,FALSE,FALSE,0,,0,,,,,
2583.89,INSPECTING,BLOCKED,0,0,0,1,2,WORKING,FALSE,BLOCKED,FALSE,FALSE,WORKING,FALSE,FALSE,0,,2,,,,,
2585.89,INSPECTING,BLOCKED,0,0,0,1,2,BLOCKED,FALSE,BLOCKED,FALSE,FALSE,WORKING,FALSE,FALSE,0,,6.87,,,,,
2592.76,INSPECTING,BLOCKED,0,0,0,0,1,BLOCKED,FALSE,BLOCKED,FALSE,FALSE,WORKING,FALSE,FALSE,0,,0.01,,,,,
2592.77,INSPECTING,INSPECTING,0,0,0,0,2,BLOCKED,FALSE,BLOCKED,FALSE,FALSE,WORKING,FALSE,FALSE,0,,0,,,,,
2599.79,INSPECTING,BLOCKED,0,0,0,0,2,BLOCKED,FALSE,BLOCKED,FALSE,FALSE,WORKING,FALSE,FALSE,0,,3.12,,,,,
2602.91,INSPECTING,BLOCKED,0,0,0,1,2,WORKING,FALSE,BLOCKED,FALSE,FALSE,WORKING,FALSE,FALSE,0,,3.62,,,,,
2606.53,INSPECTING,BLOCKED,0,0,0,0,1,WORKING,FALSE,BLOCKED,FALSE,FALSE,WORKING,FALSE,FALSE,0,,0.01,,,,,
2606.54,INSPECTING,INSPECTING,0,0,0,0,2,WORKING,FALSE,BLOCKED,FALSE,FALSE,WORKING,FALSE,FALSE,0,,0,,,,,
2617.21,INSPECTING,INSPECTING,0,0,0,0,2,BLOCKED,FALSE,BLOCKED,FALSE,FALSE,WORKING,FALSE,FALSE,0,,0,,,,,
2618.22,INSPECTING,INSPECTING,0,0,0,0,2,WORKING,FALSE,BLOCKED,TRUE,FALSE,WORKING,FALSE,FALSE,0,,0,,,,,
2621.26,INSPECTING,INSPECTING,0,0,0,0,2,BLOCKED,FALSE,BLOCKED,TRUE,FALSE,WORKING,FALSE,FALSE,0,,0,,,,,
2628.11,INSPECTING,INSPECTING,0,0,0,0,1,BLOCKED,FALSE,BLOCKED,TRUE,FALSE,BLOCKED,FALSE,TRUE,0,,0,,,,,
2631.66,INSPECTING,INSPECTING,0,0,0,0,1,BLOCKED,FALSE,WORKING,FALSE,FALSE,BLOCKED,FALSE,TRUE,0,,0,,,,,
2636.78,INSPECTING,INSPECTING,0,0,1,0,1,BLOCKED,FALSE,WORKING,FALSE,FALSE,BLOCKED,FALSE,TRUE,0,,0,,,,,
2638.31,INSPECTING,INSPECTING,0,0,0,0,1,BLOCKED,FALSE,BLOCKED,FALSE,TRUE,BLOCKED,FALSE,TRUE,0,,0,,,,,
2638.61,INSPECTING,INSPECTING,0,0,0,0,1,WORKING,FALSE,WORKING,FALSE,FALSE,BLOCKED,FALSE,TRUE,0,,0,,,,,
2641.7,INSPECTING,INSPECTING,1,0,0,0,1,WORKING,FALSE,WORKING,FALSE,FALSE,WORKING,FALSE,FALSE,0,,0,,,,,
2646.93,INSPECTING,INSPECTING,2,0,0,1,1,WORKING,FALSE,WORKING,FALSE,FALSE,WORKING,FALSE,FALSE,0,,0,,,,,
2646.98,INSPECTING,INSPECTING,2,0,0,2,1,WORKING,FALSE,WORKING,FALSE,FALSE,WORKING,FALSE,FALSE,0,,0,,,,,
2647.15,INSPECTING,INSPECTING,1,0,0,2,1,WORKING,FALSE,WORKING,FALSE,FALSE,WORKING,FALSE,FALSE,0,,0,,,,,
2647.8,INSPECTING,INSPECTING,1,0,0,2,1,WORKING,FALSE,BLOCKED,FALSE,FALSE,WORKING,FALSE,FALSE,0,,0,,,,,
2648.52,INSPECTING,INSPECTING,2,0,0,2,1,WORKING,FALSE,BLOCKED,FALSE,FALSE,WORKING,FALSE,FALSE,0,,0,,,,,
2649.07,INSPECTING,INSPECTING,2,0,0,2,2,WORKING,FALSE,BLOCKED,FALSE,FALSE,WORKING,FALSE,FALSE,0,,0,,,,,
2650.14,INSPECTING,INSPECTING,2,0,0,1,1,WORKING,FALSE,BLOCKED,FALSE,FALSE,WORKING,FALSE,FALSE,0,,0,,,,,
2650.98,INSPECTING,INSPECTING,2,0,0,0,0,WORKING,FALSE,BLOCKED,FALSE,FALSE,WORKING,FALSE,FALSE,0,,0,,,,,
2651.83,INSPECTING,INSPECTING,1,0,0,0,0,WORKING,FALSE,BLOCKED,FALSE,FALSE,WORKING,FALSE,FALSE,0,,0,,,,,
2654.28,INSPECTING,INSPECTING,0,0,0,0,0,WORKING,FALSE,BLOCKED,FALSE,FALSE,WORKING,FALSE,FALSE,0,,0,,,,,
2655.97,INSPECTING,INSPECTING,1,0,0,0,0,WORKING,FALSE,BLOCKED,TRUE,FALSE,WORKING,FALSE,FALSE,0,,0,,,,,
2657.03,INSPECTING,INSPECTING,2,1,0,0,0,WORKING,FALSE,BLOCKED,TRUE,FALSE,WORKING,FALSE,FALSE,0,,0,,,,,
2658.58,INSPECTING,INSPECTING,1,1,0,0,0,WORKING,FALSE,BLOCKED,TRUE,FALSE,WORKING,FALSE,FALSE,0,,0,,,,,
2662.06,INSPECTING,INSPECTING,2,2,0,0,0,WORKING,FALSE,BLOCKED,TRUE,FALSE,WORKING,FALSE,FALSE,0,,0,,,,,
2662.15,INSPECTING,INSPECTING,2,2,0,0,0,WORKING,FALSE,WORKING,FALSE,FALSE,WORKING,FALSE,FALSE,0,,0,,,,,
2663.42,INSPECTING,INSPECTING,2,1,0,0,0,WORKING,FALSE,BLOCKED,TRUE,FALSE,WORKING,FALSE,FALSE,0,,0,,,,,
2666.08,INSPECTING,INSPECTING,2,1,0,0,1,WORKING,FALSE,BLOCKED,TRUE,FALSE,WORKING,FALSE,FALSE,0,,0,,,,,
2668.39,INSPECTING,INSPECTING,1,1,0,0,1,WORKING,FALSE,BLOCKED,TRUE,FALSE,WORKING,FALSE,FALSE,0,,0,,,,,
2672.34,INSPECTING,INSPECTING,2,1,0,1,1,WORKING,FALSE,BLOCKED,TRUE,FALSE,WORKING,FALSE,FALSE,0,,0,,,,,
2672.7,INSPECTING,INSPECTING,2,1,0,2,1,WORKING,FALSE,BLOCKED,TRUE,FALSE,WORKING,FALSE,FALSE,0,,0,,,,,
2673.25,INSPECTING,INSPECTING,2,1,0,1,0,WORKING,FALSE,BLOCKED,TRUE,FALSE,WORKING,FALSE,FALSE,0,,0,,,,,
2681.35,INSPECTING,INSPECTING,2,1,0,0,0,WORKING,FALSE,BLOCKED,TRUE,FALSE,BLOCKED,TRUE,FALSE,0,,0,,,,,
2685.3,INSPECTING,INSPECTING,2,1,0,0,0,WORKING,FALSE,BLOCKED,TRUE,FALSE,WORKING,FALSE,FALSE,0,,0,,,,,
2685.9,INSPECTING,INSPECTING,1,1,0,0,0,WORKING,FALSE,BLOCKED,TRUE,FALSE,WORKING,FALSE,FALSE,0,,0,,,,,
2688.04,INSPECTING,INSPECTING,1,1,0,0,1,WORKING,FALSE,BLOCKED,TRUE,FALSE,WORKING,FALSE,FALSE,0,,0,,,,,
2691.21,INSPECTING,INSPECTING,0,1,0,0,1,WORKING,FALSE,BLOCKED,TRUE,FALSE,WORKING,FALSE,FALSE,0,,0,,,,,
2695.41,INSPECTING,INSPECTING,0,1,0,0,0,WORKING,FALSE,BLOCKED,TRUE,FALSE,BLOCKED,FALSE,TRUE,0,,0,,,,,
2696.56,INSPECTING,INSPECTING,0,1,0,0,0,BLOCKED,FALSE,BLOCKED,TRUE,FALSE,BLOCKED,FALSE,TRUE,0,,0,,,,,
2698.19,INSPECTING,INSPECTING,0,1,0,0,0,WORKING,FALSE,BLOCKED,TRUE,FALSE,WORKING,FALSE,FALSE,0,,0,,,,,
2698.38,INSPECTING,INSPECTING,0,1,0,0,0,WORKING,FALSE,BLOCKED,TRUE,FALSE,BLOCKED,FALSE,FALSE,0,,0,,,,,
2698.71,INSPECTING,INSPECTING,0,1,0,0,0,BLOCKED,FALSE,BLOCKED,TRUE,FALSE,BLOCKED,FALSE,FALSE,0,,0,,,,,
2701.77,INSPECTING,INSPECTING,0,2,0,0,0,WORKING,FALSE,BLOCKED,TRUE,FALSE,BLOCKED,FALSE,FALSE,0,,0,,,,,
2704.42,INSPECTING,INSPECTING,2,2,0,0,0,WORKING,FALSE,BLOCKED,TRUE,FALSE,BLOCKED,FALSE,FALSE,0,,0,,,,,
2705.3,INSPECTING,INSPECTING,2,2,0,0,0,WORKING,FALSE,WORKING,FALSE,FALSE,BLOCKED,FALSE,FALSE,0,,0,,,,,
2705.82,INSPECTING,INSPECTING,2,1,0,0,0,WORKING,FALSE,BLOCKED,TRUE,FALSE,BLOCKED,FALSE,FALSE,0,,0,,,,,
2713.48,INSPECTING,INSPECTING,1,1,0,0,0,WORKING,FALSE,BLOCKED,TRUE,FALSE,BLOCKED,FALSE,FALSE,0,,0,,,,,
2716.86,INSPECTING,INSPECTING,0,1,0,0,0,WORKING,FALSE,BLOCKED,TRUE,FALSE,BLOCKED,FALSE,FALSE,0,,0,,,,,
2717.03,INSPECTING,INSPECTING,0,1,0,0,0,WORKING,FALSE,WORKING,FALSE,FALSE,BLOCKED,FALSE,FALSE,0,,0,,,,,
2718.62,INSPECTING,INSPECTING,1,2,0,0,0,WORKING,FALSE,WORKING,FALSE,FALSE,BLOCKED,FALSE,FALSE,0,,0,,,,,
2719.24,INSPECTING,INSPECTING,0,2,0,0,0,WORKING,FALSE,WORKING,FALSE,FALSE,BLOCKED,FALSE,FALSE,0,,0,,,,,
2720.28,INSPECTING,INSPECTING,0,1,0,0,0,WORKING,FALSE,BLOCKED,TRUE,FALSE,BLOCKED,FALSE,FALSE,0,,0,,,,,
2721.97,INSPECTING,INSPECTING,0,1,0,0,0,WORKING,FALSE,WORKING,FALSE,FALSE,BLOCKED,FALSE,FALSE,0,,0,,,,,
2723.69,INSPECTING,INSPECTING,0,0,0,0,0,WORKING,FALSE,BLOCKED,TRUE,FALSE,BLOCKED,FALSE,FALSE,0,,0,,,,,
2727.76,INSPECTING,INSPECTING,0,0,0,0,0,WORKING,FALSE,WORKING,FALSE,FALSE,BLOCKED,FALSE,FALSE,0,,0,,,,,
2731.31,INSPECTING,INSPECTING,0,0,0,0,0,WORKING,FALSE,BLOCKED,FALSE,FALSE,BLOCKED,FALSE,FALSE,0,,0,,,,,
2733.2,INSPECTING,INSPECTING,0,0,0,0,0,BLOCKED,FALSE,BLOCKED,FALSE,FALSE,BLOCKED,FALSE,FALSE,0,,0,,,,,
2737.17,INSPECTING,INSPECTING,0,0,0,0,0,WORKING,FALSE,BLOCKED,TRUE,FALSE,BLOCKED,FALSE,FALSE,0,,0,,,,,
2738.32,INSPECTING,INSPECTING,0,0,0,0,0,BLOCKED,FALSE,BLOCKED,TRUE,FALSE,BLOCKED,FALSE,FALSE,0,,0,,,,,
2739.29,INSPECTING,INSPECTING,0,0,0,0,0,BLOCKED,FALSE,WORKING,FALSE,FALSE,BLOCKED,FALSE,FALSE,0,,0,,,,,
2739.97,INSPECTING,INSPECTING,0,0,0,0,0,BLOCKED,FALSE,WORKING,FALSE,FALSE,BLOCKED,FALSE,TRUE,0,,0,,,,,
2766.53,INSPECTING,INSPECTING,0,0,0,0,0,WORKING,FALSE,WORKING,FALSE,FALSE,WORKING,FALSE,FALSE,0,,0,,,,,
2767.57,INSPECTING,INSPECTING,1,1,0,0,0,WORKING,FALSE,WORKING,FALSE,FALSE,WORKING,FALSE,FALSE,0,,0,,,,,
2768.34,INSPECTING,INSPECTING,0,1,0,0,0,WORKING,FALSE,WORKING,FALSE,FALSE,WORKING,FALSE,FALSE,0,,0,,,,,
2768.36,INSPECTING,INSPECTING,1,2,0,0,0,WORKING,FALSE,WORKING,FALSE,FALSE,WORKING,FALSE,FALSE,0,,0,,,,,
2771.36,INSPECTING,INSPECTING,2,2,0,0,0,WORKING,FALSE,WORKING,FALSE,FALSE,WORKING,FALSE,FALSE,0,,0,,,,,
2772.52,INSPECTING,INSPECTING,1,2,0,0,0,WORKING,FALSE,WORKING,FALSE,FALSE,WORKING,FALSE,FALSE,0,,0,,,,,
2773,INSPECTING,INSPECTING,0,2,0,0,0,WORKING,FALSE,WORKING,FALSE,FALSE,WORKING,FALSE,FALSE,0,,0,,,,,
2773.94,INSPECTING,INSPECTING,0,2,0,0,0,BLOCKED,FALSE,WORKING,FALSE,FALSE,WORKING,FALSE,FALSE,0,,0,,,,,
2784.31,INSPECTING,INSPECTING,0,2,0,0,0,BLOCKED,FALSE,WORKING,FALSE,FALSE,BLOCKED,FALSE,FALSE,0,,0,,,,,
2784.49,INSPECTING,INSPECTING,1,2,0,0,0,WORKING,FALSE,WORKING,FALSE,FALSE,BLOCKED,FALSE,FALSE,0,,0,,,,,
2786.74,INSPECTING,INSPECTING,0,2,0,0,0,WORKING,FALSE,WORKING,FALSE,FALSE,BLOCKED,FALSE,FALSE,0,,0,,,,,
2786.96,INSPECTING,INSPECTING,0,1,0,0,0,WORKING,FALSE,BLOCKED,TRUE,FALSE,BLOCKED,FALSE,FALSE,0,,0,,,,,
2790.91,INSPECTING,INSPECTING,1,2,0,0,0,WORKING,FALSE,BLOCKED,TRUE,FALSE,BLOCKED,FALSE,FALSE,0,,0,,,,,
2792,INSPECTING,INSPECTING,2,2,0,0,0,WORKING,FALSE,BLOCKED,TRUE,FALSE,BLOCKED,FALSE,FALSE,0,,0,,,,,
2793.17,INSPECTING,INSPECTING,1,2,0,0,0,WORKING,FALSE,BLOCKED,TRUE,FALSE,BLOCKED,FALSE,FALSE,0,,0,,,,,
2794.56,INSPECTING,INSPECTING,1,2,0,0,0,WORKING,FALSE,WORKING,FALSE,FALSE,BLOCKED,FALSE,FALSE,0,,0,,,,,
2796.49,INSPECTING,INSPECTING,0,2,0,0,0,WORKING,FALSE,WORKING,FALSE,FALSE,BLOCKED,FALSE,FALSE,0,,0,,,,,
2798.77,INSPECTING,INSPECTING,0,2,0,0,0,WORKING,FALSE,WORKING,FALSE,FALSE,BLOCKED,FALSE,TRUE,0,,0,,,,,
2800.11,INSPECTING,INSPECTING,0,2,1,0,0,WORKING,FALSE,WORKING,FALSE,FALSE,BLOCKED,FALSE,TRUE,0,,0,,,,,
2802.46,INSPECTING,INSPECTING,0,2,1,0,0,BLOCKED,FALSE,WORKING,FALSE,FALSE,BLOCKED,FALSE,TRUE,0,,0,,,,,
2804.03,INSPECTING,INSPECTING,0,1,0,0,0,BLOCKED,FALSE,WORKING,FALSE,FALSE,BLOCKED,FALSE,TRUE,0,,0,,,,,
2809.47,INSPECTING,INSPECTING,0,0,0,0,0,BLOCKED,FALSE,BLOCKED,TRUE,FALSE,BLOCKED,FALSE,TRUE,0,,0,,,,,
2811.07,INSPECTING,INSPECTING,0,0,0,0,0,BLOCKED,FALSE,WORKING,FALSE,FALSE,BLOCKED,FALSE,TRUE,0,,0,,,,,
2812.85,INSPECTING,INSPECTING,0,0,0,0,0,BLOCKED,FALSE,BLOCKED,FALSE,FALSE,BLOCKED,FALSE,TRUE,0,,0,,,,,
2814.66,INSPECTING,INSPECTING,0,0,0,0,0,WORKING,FALSE,BLOCKED,FALSE,FALSE,WORKING,FALSE,FALSE,0,,0,,,,,
2815.41,INSPECTING,INSPECTING,0,0,0,0,0,BLOCKED,FALSE,BLOCKED,FALSE,FALSE,WORKING,FALSE,FALSE,0,,0,,,,,
2822.3,INSPECTING,INSPECTING,0,0,0,0,0,BLOCKED,FALSE,BLOCKED,FALSE,TRUE,WORKING,FALSE,FALSE,0,,0,,,,,
2823.3,INSPECTING,INSPECTING,0,0,0,0,0,BLOCKED,FALSE,BLOCKED,FALSE,TRUE,BLOCKED,FALSE,FALSE,0,,0,,,,,
2838.92,INSPECTING,INSPECTING,0,0,0,0,0,WORKING,FALSE,WORKING,FALSE,FALSE,BLOCKED,FALSE,FALSE,0,,0,,,,,
2840.65,INSPECTING,INSPECTING,0,0,0,0,0,WORKING,FALSE,WORKING,FALSE,FALSE,BLOCKED,FALSE,TRUE,0,,0,,,,,
2844.15,INSPECTING,INSPECTING,0,0,1,0,0,WORKING,FALSE,WORKING,FALSE,FALSE,BLOCKED,FALSE,TRUE,0,,0,,,,,
2853.45,INSPECTING,INSPECTING,1,0,1,0,0,WORKING,FALSE,WORKING,FALSE,FALSE,WORKING,FALSE,FALSE,0,,0,,,,,
2854.62,INSPECTING,INSPECTING,0,0,1,0,0,WORKING,FALSE,WORKING,FALSE,FALSE,WORKING,FALSE,FALSE,0,,0,,,,,
2855.8,INSPECTING,INSPECTING,0,0,1,0,0,BLOCKED,FALSE,WORKING,FALSE,FALSE,WORKING,FALSE,FALSE,0,,0,,,,,
2856.76,INSPECTING,INSPECTING,0,0,1,0,0,BLOCKED,FALSE,WORKING,FALSE,FALSE,BLOCKED,FALSE,FALSE,0,,0,,,,,
2857.05,INSPECTING,INSPECTING,0,0,2,0,0,BLOCKED,FALSE,WORKING,FALSE,FALSE,BLOCKED,FALSE,FALSE,0,,0,,,,,
2857.49,INSPECTING,BLOCKED,0,0,2,0,0,BLOCKED,FALSE,WORKING,FALSE,FALSE,BLOCKED,FALSE,FALSE,0,,0.39,,,,,
2857.88,INSPECTING,BLOCKED,0,1,2,0,0,WORKING,FALSE,WORKING,FALSE,FALSE,BLOCKED,FALSE,FALSE,0,,1.64,,,,,
2859.52,INSPECTING,BLOCKED,0,0,1,0,0,WORKING,FALSE,WORKING,FALSE,FALSE,BLOCKED,FALSE,FALSE,0,,0.01,,,,,
2859.53,INSPECTING,INSPECTING,0,0,2,0,0,WORKING,FALSE,WORKING,FALSE,FALSE,BLOCKED,FALSE,FALSE,0,,0,,,,,
2862.89,INSPECTING,INSPECTING,0,0,1,0,0,WORKING,FALSE,BLOCKED,FALSE,TRUE,BLOCKED,FALSE,FALSE,0,,0,,,,,
2864.4,INSPECTING,INSPECTING,0,0,1,0,0,WORKING,FALSE,BLOCKED,FALSE,TRUE,BLOCKED,FALSE,TRUE,0,,0,,,,,
2872.27,INSPECTING,INSPECTING,0,0,1,0,0,BLOCKED,FALSE,BLOCKED,FALSE,TRUE,BLOCKED,FALSE,TRUE,0,,0,,,,,
2875.68,INSPECTING,INSPECTING,0,0,1,0,0,WORKING,FALSE,WORKING,FALSE,FALSE,BLOCKED,FALSE,TRUE,0,,0,,,,,
2876.92,INSPECTING,INSPECTING,0,0,0,0,0,WORKING,FALSE,BLOCKED,FALSE,TRUE,BLOCKED,FALSE,TRUE,0,,0,,,,,
2879.8,INSPECTING,INSPECTING,0,0,0,0,0,BLOCKED,FALSE,BLOCKED,FALSE,TRUE,BLOCKED,FALSE,TRUE,0,,0,,,,,
2888.12,INSPECTING,INSPECTING,0,0,1,0,0,BLOCKED,FALSE,BLOCKED,FALSE,TRUE,BLOCKED,FALSE,TRUE,0,,0,,,,,
2894.9,INSPECTING,INSPECTING,0,0,1,0,0,WORKING,FALSE,WORKING,FALSE,FALSE,BLOCKED,FALSE,TRUE,0,,0,,,,,
2895.11,INSPECTING,INSPECTING,0,0,1,0,0,BLOCKED,FALSE,WORKING,FALSE,FALSE,BLOCKED,FALSE,TRUE,0,,0,,,,,
2899.35,INSPECTING,INSPECTING,0,0,1,0,0,WORKING,FALSE,WORKING,FALSE,FALSE,WORKING,FALSE,FALSE,0,,0,,,,,
2900.96,INSPECTING,INSPECTING,0,0,1,0,0,WORKING,FALSE,WORKING,FALSE,FALSE,BLOCKED,FALSE,FALSE,0,,0,,,,,
2901.57,INSPECTING,INSPECTING,0,0,1,0,0,BLOCKED,FALSE,WORKING,FALSE,FALSE,BLOCKED,FALSE,FALSE,0,,0,,,,,
2911.47,INSPECTING,INSPECTING,0,0,2,0,0,BLOCKED,FALSE,WORKING,FALSE,FALSE,BLOCKED,FALSE,FALSE,0,,0,,,,,
2914.27,INSPECTING,BLOCKED,0,0,2,0,0,BLOCKED,FALSE,WORKING,FALSE,FALSE,BLOCKED,FALSE,FALSE,0,,12.41,,,,,
2926.68,INSPECTING,BLOCKED,0,0,1,0,0,BLOCKED,FALSE,BLOCKED,FALSE,TRUE,BLOCKED,FALSE,FALSE,0,,0.01,,,,,
2926.69,INSPECTING,INSPECTING,0,0,2,0,0,BLOCKED,FALSE,BLOCKED,FALSE,TRUE,BLOCKED,FALSE,FALSE,0,,0,,,,,
2939.88,INSPECTING,INSPECTING,0,0,2,0,0,WORKING,FALSE,WORKING,FALSE,FALSE,BLOCKED,FALSE,FALSE,0,,0,,,,,
2947.68,INSPECTING,INSPECTING,1,1,2,0,0,WORKING,FALSE,WORKING,FALSE,FALSE,BLOCKED,FALSE,FALSE,0,,0,,,,,
2948.58,INSPECTING,INSPECTING,1,0,1,0,0,WORKING,FALSE,WORKING,FALSE,FALSE,BLOCKED,FALSE,FALSE,0,,0,,,,,
2949.04,INSPECTING,INSPECTING,0,0,1,0,0,WORKING,FALSE,WORKING,FALSE,FALSE,BLOCKED,FALSE,FALSE,0,,0,,,,,
2951.35,INSPECTING,INSPECTING,1,1,1,0,0,WORKING,FALSE,WORKING,FALSE,FALSE,BLOCKED,FALSE,FALSE,0,,0,,,,,
2956.27,INSPECTING,INSPECTING,1,1,2,0,0,WORKING,FALSE,WORKING,FALSE,FALSE,BLOCKED,FALSE,FALSE,0,,0,,,,,
2956.29,INSPECTING,INSPECTING,2,2,2,0,0,WORKING,FALSE,WORKING,FALSE,FALSE,BLOCKED,FALSE,FALSE,0,,0,,,,,
2958.25,INSPECTING,INSPECTING,1,2,2,0,0,WORKING,FALSE,WORKING,FALSE,FALSE,BLOCKED,FALSE,FALSE,0,,0,,,,,
2958.26,INSPECTING,INSPECTING,0,2,2,0,0,WORKING,FALSE,WORKING,FALSE,FALSE,BLOCKED,FALSE,FALSE,0,,0,,,,,
2960.15,INSPECTING,INSPECTING,0,2,2,0,0,BLOCKED,FALSE,WORKING,FALSE,FALSE,BLOCKED,FALSE,FALSE,0,,0,,,,,
2969.73,INSPECTING,INSPECTING,1,2,2,0,0,WORKING,FALSE,WORKING,FALSE,FALSE,BLOCKED,FALSE,FALSE,0,,0,,,,,
2971.46,INSPECTING,INSPECTING,0,2,2,0,0,WORKING,FALSE,WORKING,FALSE,FALSE,BLOCKED,FALSE,FALSE,0,,0,,,,,
2973.5,INSPECTING,INSPECTING,0,2,2,0,0,BLOCKED,FALSE,WORKING,FALSE,FALSE,BLOCKED,FALSE,FALSE,0,,0,,,,,
2973.85,INSPECTING,INSPECTING,0,1,1,0,0,BLOCKED,FALSE,WORKING,FALSE,FALSE,BLOCKED,FALSE,FALSE,0,,0,,,,,
2978.51,INSPECTING,INSPECTING,0,0,0,0,0,BLOCKED,FALSE,WORKING,FALSE,FALSE,BLOCKED,FALSE,FALSE,0,,0,,,,,
2979.05,INSPECTING,INSPECTING,0,0,1,0,0,BLOCKED,FALSE,WORKING,FALSE,FALSE,BLOCKED,FALSE,FALSE,0,,0,,,,,
2983.17,INSPECTING,INSPECTING,0,0,1,0,0,BLOCKED,FALSE,WORKING,FALSE,FALSE,BLOCKED,FALSE,TRUE,0,,0,,,,,
2984.55,INSPECTING,INSPECTING,0,0,1,0,0,WORKING,FALSE,WORKING,FALSE,FALSE,WORKING,FALSE,FALSE,0,,0,,,,,
2985.96,INSPECTING,INSPECTING,0,0,0,0,0,WORKING,FALSE,BLOCKED,FALSE,TRUE,WORKING,FALSE,FALSE,0,,0,,,,,
2988.86,INSPECTING,INSPECTING,0,0,0,0,0,BLOCKED,FALSE,BLOCKED,FALSE,TRUE,WORKING,FALSE,FALSE,0,,0,,,,,
2997.58,INSPECTING,INSPECTING,0,0,0,0,0,BLOCKED,FALSE,BLOCKED,FALSE,TRUE,BLOCKED,FALSE,FALSE,0,,0,,,,,
3000.07,INSPECTING,INSPECTING,0,0,0,0,0,WORKING,FALSE,WORKING,FALSE,FALSE,BLOCKED,FALSE,FALSE,0,,0,,,,,
3001.82,INSPECTING,INSPECTING,0,0,0,0,0,BLOCKED,FALSE,WORKING,FALSE,FALSE,BLOCKED,FALSE,FALSE,0,,0,,,,,
3005.86,INSPECTING,INSPECTING,0,1,0,0,0,WORKING,FALSE,WORKING,FALSE,FALSE,BLOCKED,FALSE,FALSE,0,,0,,,,,
3007.51,INSPECTING,INSPECTING,1,2,0,0,0,WORKING,FALSE,WORKING,FALSE,FALSE,BLOCKED,FALSE,FALSE,0,,0,,,,,
3010.02,INSPECTING,INSPECTING,2,2,0,0,0,WORKING,FALSE,WORKING,FALSE,FALSE,BLOCKED,FALSE,FALSE,0,,0,,,,,
3012.05,INSPECTING,INSPECTING,1,2,0,0,0,WORKING,FALSE,WORKING,FALSE,FALSE,BLOCKED,FALSE,FALSE,0,,0,,,,,
3012.32,INSPECTING,INSPECTING,0,2,0,0,0,WORKING,FALSE,WORKING,FALSE,FALSE,BLOCKED,FALSE,FALSE,0,,0,,,,,
3013.02,INSPECTING,INSPECTING,0,2,1,0,0,WORKING,FALSE,WORKING,FALSE,FALSE,BLOCKED,FALSE,FALSE,0,,0,,,,,
3016.69,INSPECTING,INSPECTING,0,2,1,0,0,BLOCKED,FALSE,WORKING,FALSE,FALSE,BLOCKED,FALSE,FALSE,0,,0,,,,,
3031.31,INSPECTING,INSPECTING,0,2,1,0,0,WORKING,FALSE,WORKING,FALSE,FALSE,BLOCKED,TRUE,FALSE,0,,0,,,,,
3033.27,INSPECTING,INSPECTING,0,2,1,0,0,BLOCKED,FALSE,WORKING,FALSE,FALSE,BLOCKED,TRUE,FALSE,0,,0,,,,,
3037.99,INSPECTING,INSPECTING,0,1,0,0,0,BLOCKED,FALSE,WORKING,FALSE,FALSE,BLOCKED,TRUE,FALSE,0,,0,,,,,
3041.86,INSPECTING,INSPECTING,0,1,0,0,0,BLOCKED,FALSE,WORKING,FALSE,FALSE,WORKING,FALSE,FALSE,0,,0,,,,,
3041.97,INSPECTING,INSPECTING,0,1,0,1,0,WORKING,FALSE,WORKING,FALSE,FALSE,WORKING,FALSE,FALSE,0,,0,,,,,
3042.1,INSPECTING,INSPECTING,0,1,0,1,0,BLOCKED,FALSE,WORKING,FALSE,FALSE,WORKING,FALSE,FALSE,0,,0,,,,,
3046.8,INSPECTING,INSPECTING,0,0,0,1,0,BLOCKED,FALSE,BLOCKED,TRUE,FALSE,WORKING,FALSE,FALSE,0,,0,,,,,
3047.55,INSPECTING,INSPECTING,0,0,0,2,0,WORKING,FALSE,BLOCKED,TRUE,FALSE,WORKING,FALSE,FALSE,0,,0,,,,,
3049.67,INSPECTING,INSPECTING,0,0,0,2,0,BLOCKED,FALSE,BLOCKED,TRUE,FALSE,WORKING,FALSE,FALSE,0,,0,,,,,
3050.25,INSPECTING,INSPECTING,0,0,0,1,0,BLOCKED,FALSE,BLOCKED,TRUE,FALSE,BLOCKED,TRUE,FALSE,0,,0,,,,,
3059.4,INSPECTING,INSPECTING,0,0,0,2,0,WORKING,FALSE,BLOCKED,TRUE,FALSE,BLOCKED,TRUE,FALSE,0,,0,,,,,
3064.21,INSPECTING,INSPECTING,0,0,0,2,0,BLOCKED,FALSE,BLOCKED,TRUE,FALSE,BLOCKED,TRUE,FALSE,0,,0,,,,,
3079.07,INSPECTING,INSPECTING,1,0,0,2,0,WORKING,FALSE,BLOCKED,TRUE,FALSE,BLOCKED,TRUE,FALSE,0,,0,,,,,
3083.02,INSPECTING,INSPECTING,0,0,0,2,0,WORKING,FALSE,BLOCKED,TRUE,FALSE,BLOCKED,TRUE,FALSE,0,,0,,,,,
3087.3,INSPECTING,INSPECTING,0,0,0,2,0,BLOCKED,FALSE,BLOCKED,TRUE,FALSE,BLOCKED,TRUE,FALSE,0,,0,,,,,
3094.91,INSPECTING,INSPECTING,1,0,0,2,0,WORKING,FALSE,BLOCKED,TRUE,FALSE,BLOCKED,TRUE,FALSE,0,,0,,,,,
3094.98,INSPECTING,INSPECTING,2,0,0,2,0,WORKING,FALSE,BLOCKED,TRUE,FALSE,BLOCKED,TRUE,FALSE,0,,0,,,,,
3096.42,BLOCKED,INSPECTING,2,0,0,2,0,WORKING,FALSE,BLOCKED,TRUE,FALSE,BLOCKED,TRUE,FALSE,15.04,,0,,,,,
3111.46,BLOCKED,INSPECTING,1,0,0,2,0,WORKING,FALSE,BLOCKED,TRUE,FALSE,BLOCKED,TRUE,FALSE,0.01,,0,,,,,
3111.47,INSPECTING,INSPECTING,2,0,0,2,0,WORKING,FALSE,BLOCKED,TRUE,FALSE,BLOCKED,TRUE,FALSE,0,,0,,,,,
3112.96,INSPECTING,INSPECTING,2,0,0,2,0,WORKING,FALSE,BLOCKED,TRUE,FALSE,WORKING,FALSE,FALSE,0,,0,,,,,
3114.69,INSPECTING,INSPECTING,1,0,0,2,0,WORKING,FALSE,BLOCKED,TRUE,FALSE,WORKING,FALSE,FALSE,0,,0,,,,,
3118.26,INSPECTING,INSPECTING,1,0,0,1,0,WORKING,FALSE,BLOCKED,TRUE,FALSE,BLOCKED,TRUE,FALSE,0,,0,,,,,
3131.85,INSPECTING,INSPECTING,0,0,0,1,0,WORKING,FALSE,BLOCKED,TRUE,FALSE,BLOCKED,TRUE,FALSE,0,,0,,,,,
3133.05,INSPECTING,INSPECTING,0,0,0,1,0,BLOCKED,FALSE,BLOCKED,TRUE,FALSE,BLOCKED,TRUE,FALSE,0,,0,,,,,
3140.69,INSPECTING,INSPECTING,0,0,0,2,0,WORKING,FALSE,BLOCKED,TRUE,FALSE,BLOCKED,TRUE,FALSE,0,,0,,,,,
3142.33,INSPECTING,INSPECTING,2,0,0,2,0,WORKING,FALSE,BLOCKED,TRUE,FALSE,BLOCKED,TRUE,FALSE,0,,0,,,,,
3153.96,INSPECTING,INSPECTING,1,0,0,2,0,WORKING,FALSE,BLOCKED,TRUE,FALSE,BLOCKED,TRUE,FALSE,0,,0,,,,,
3154.22,INSPECTING,INSPECTING,0,0,0,2,0,WORKING,FALSE,BLOCKED,TRUE,FALSE,BLOCKED,TRUE,FALSE,0,,0,,,,,
3159.36,INSPECTING,INSPECTING,0,0,0,2,0,BLOCKED,FALSE,BLOCKED,TRUE,FALSE,BLOCKED,TRUE,FALSE,0,,0,,,,,
3163.49,INSPECTING,INSPECTING,0,0,0,2,0,BLOCKED,FALSE,BLOCKED,TRUE,FALSE,WORKING,FALSE,FALSE,0,,0,,,,,
3165.81,INSPECTING,INSPECTING,1,0,0,2,0,WORKING,FALSE,BLOCKED,TRUE,FALSE,WORKING,FALSE,FALSE,0,,0,,,,,
3166.13,INSPECTING,INSPECTING,1,0,0,1,0,WORKING,FALSE,BLOCKED,TRUE,FALSE,BLOCKED,TRUE,FALSE,0,,0,,,,,
3166.83,INSPECTING,INSPECTING,2,0,0,2,0,WORKING,FALSE,BLOCKED,TRUE,FALSE,BLOCKED,TRUE,FALSE,0,,0,,,,,
3168.23,INSPECTING,INSPECTING,1,0,0,2,0,WORKING,FALSE,BLOCKED,TRUE,FALSE,BLOCKED,TRUE,FALSE,0,,0,,,,,
3171.1,INSPECTING,INSPECTING,0,0,0,2,0,WORKING,FALSE,BLOCKED,TRUE,FALSE,BLOCKED,TRUE,FALSE,0,,0,,,,,
3171.76,INSPECTING,INSPECTING,0,0,0,2,0,BLOCKED,FALSE,BLOCKED,TRUE,FALSE,BLOCKED,TRUE,FALSE,0,,0,,,,,
3175.03,INSPECTING,INSPECTING,1,0,0,2,0,WORKING,FALSE,BLOCKED,TRUE,FALSE,BLOCKED,TRUE,FALSE,0,,0,,,,,
3176.49,INSPECTING,INSPECTING,0,0,0,2,0,WORKING,FALSE,BLOCKED,TRUE,FALSE,BLOCKED,TRUE,FALSE,0,,0,,,,,
3180.04,INSPECTING,INSPECTING,2,0,0,2,0,WORKING,FALSE,BLOCKED,TRUE,FALSE,BLOCKED,TRUE,FALSE,0,,0,,,,,
3180.32,INSPECTING,INSPECTING,1,0,0,2,0,WORKING,FALSE,BLOCKED,TRUE,FALSE,BLOCKED,TRUE,FALSE,0,,0,,,,,
3182.64,INSPECTING,INSPECTING,0,0,0,2,0,WORKING,FALSE,BLOCKED,TRUE,FALSE,BLOCKED,TRUE,FALSE,0,,0,,,,,
3183.98,INSPECTING,INSPECTING,0,0,0,2,0,WORKING,FALSE,BLOCKED,TRUE,FALSE,WORKING,FALSE,FALSE,0,,0,,,,,
3184.15,INSPECTING,INSPECTING,0,0,0,2,0,BLOCKED,FALSE,BLOCKED,TRUE,FALSE,WORKING,FALSE,FALSE,0,,0,,,,,
3189.35,INSPECTING,INSPECTING,0,0,0,2,1,BLOCKED,FALSE,BLOCKED,TRUE,FALSE,WORKING,FALSE,FALSE,0,,0,,,,,
3207.35,INSPECTING,INSPECTING,1,0,0,2,1,WORKING,FALSE,BLOCKED,TRUE,FALSE,WORKING,FALSE,FALSE,0,,0,,,,,
3211.99,INSPECTING,INSPECTING,0,0,0,2,1,WORKING,FALSE,BLOCKED,TRUE,FALSE,WORKING,FALSE,FALSE,0,,0,,,,,
3212.18,INSPECTING,INSPECTING,2,0,0,2,1,WORKING,FALSE,BLOCKED,TRUE,FALSE,WORKING,FALSE,FALSE,0,,0,,,,,
3213.06,BLOCKED,INSPECTING,2,0,0,2,1,WORKING,FALSE,BLOCKED,TRUE,FALSE,WORKING,FALSE,FALSE,1.1,,0,,,,,
3214.16,BLOCKED,INSPECTING,1,0,0,2,1,WORKING,FALSE,BLOCKED,TRUE,FALSE,WORKING,FALSE,FALSE,0.01,,0,,,,,
3214.17,INSPECTING,INSPECTING,2,0,0,2,1,WORKING,FALSE,BLOCKED,TRUE,FALSE,WORKING,FALSE,FALSE,0,,0,,,,,
3217.6,INSPECTING,INSPECTING,2,0,0,1,0,WORKING,FALSE,BLOCKED,TRUE,FALSE,WORKING,FALSE,FALSE,0,,0,,,,,
3219.62,INSPECTING,INSPECTING,1,0,0,1,0,WORKING,FALSE,BLOCKED,TRUE,FALSE,WORKING,FALSE,FALSE,0,,0,,,,,
3222.88,INSPECTING,INSPECTING,0,0,0,1,0,WORKING,FALSE,BLOCKED,TRUE,FALSE,WORKING,FALSE,FALSE,0,,0,,,,,
3224.09,INSPECTING,INSPECTING,0,0,0,0,0,WORKING,FALSE,BLOCKED,TRUE,FALSE,BLOCKED,TRUE,FALSE,0,,0,,,,,
3225.8,INSPECTING,INSPECTING,0,0,0,0,0,BLOCKED,FALSE,BLOCKED,TRUE,FALSE,BLOCKED,TRUE,FALSE,0,,0,,,,,
3237.49,INSPECTING,INSPECTING,0,0,0,0,0,BLOCKED,FALSE,BLOCKED,TRUE,FALSE,WORKING,FALSE,FALSE,0,,0,,,,,
3249.45,INSPECTING,INSPECTING,0,0,0,0,0,BLOCKED,FALSE,BLOCKED,TRUE,FALSE,BLOCKED,FALSE,FALSE,0,,0,,,,,
3256.46,INSPECTING,INSPECTING,0,0,0,0,0,BLOCKED,FALSE,WORKING,FALSE,FALSE,BLOCKED,FALSE,FALSE,0,,0,,,,,
3260.31,INSPECTING,INSPECTING,0,0,0,0,0,BLOCKED,FALSE,BLOCKED,FALSE,FALSE,BLOCKED,FALSE,FALSE,0,,0,,,,,
3266.3,INSPECTING,INSPECTING,0,0,0,0,0,WORKING,FALSE,BLOCKED,FALSE,FALSE,BLOCKED,TRUE,FALSE,0,,0,,,,,
3267.68,INSPECTING,INSPECTING,0,0,0,0,0,BLOCKED,FALSE,BLOCKED,FALSE,FALSE,BLOCKED,TRUE,FALSE,0,,0,,,,,
3269.47,INSPECTING,INSPECTING,0,0,0,1,0,WORKING,FALSE,BLOCKED,FALSE,FALSE,BLOCKED,TRUE,FALSE,0,,0,,,,,
3273.8,INSPECTING,INSPECTING,0,0,0,1,0,BLOCKED,FALSE,BLOCKED,FALSE,FALSE,BLOCKED,TRUE,FALSE,0,,0,,,,,
3274.56,INSPECTING,INSPECTING,0,0,0,1,0,BLOCKED,FALSE,BLOCKED,FALSE,FALSE,WORKING,FALSE,FALSE,0,,0,,,,,
3277.14,INSPECTING,INSPECTING,0,0,0,0,0,BLOCKED,FALSE,BLOCKED,FALSE,FALSE,BLOCKED,TRUE,FALSE,0,,0,,,,,
3298.51,INSPECTING,INSPECTING,0,0,0,0,0,BLOCKED,FALSE,BLOCKED,FALSE,TRUE,BLOCKED,TRUE,FALSE,0,,0,,,,,
3301.02,INSPECTING,INSPECTING,0,0,1,0,0,BLOCKED,FALSE,BLOCKED,FALSE,TRUE,BLOCKED,TRUE,FALSE,0,,0,,,,,
3306.98,INSPECTING,INSPECTING,0,0,1,0,0,WORKING,FALSE,WORKING,FALSE,FALSE,BLOCKED,TRUE,FALSE,0,,0,,,,,
3307.26,INSPECTING,INSPECTING,0,0,1,0,0,BLOCKED,FALSE,WORKING,FALSE,FALSE,BLOCKED,TRUE,FALSE,0,,0,,,,,
3311.58,INSPECTING,INSPECTING,0,0,0,0,0,BLOCKED,FALSE,BLOCKED,FALSE,TRUE,BLOCKED,TRUE,FALSE,0,,0,,,,,
3311.99,INSPECTING,INSPECTING,0,0,1,0,0,BLOCKED,FALSE,BLOCKED,FALSE,TRUE,BLOCKED,TRUE,FALSE,0,,0,,,,,
3318.54,INSPECTING,INSPECTING,0,0,1,0,0,WORKING,FALSE,WORKING,FALSE,FALSE,BLOCKED,TRUE,FALSE,0,,0,,,,,
3318.94,INSPECTING,INSPECTING,0,0,2,0,0,WORKING,FALSE,WORKING,FALSE,FALSE,BLOCKED,TRUE,FALSE,0,,0,,,,,
3321.94,INSPECTING,INSPECTING,1,0,2,1,0,WORKING,FALSE,WORKING,FALSE,FALSE,BLOCKED,TRUE,FALSE,0,,0,,,,,
3322.39,INSPECTING,INSPECTING,1,0,2,1,0,WORKING,FALSE,WORKING,FALSE,FALSE,WORKING,FALSE,FALSE,0,,0,,,,,
3325.26,INSPECTING,INSPECTING,1,0,2,0,0,WORKING,FALSE,WORKING,FALSE,FALSE,BLOCKED,TRUE,FALSE,0,,0,,,,,
3327.7,INSPECTING,INSPECTING,0,0,2,0,0,WORKING,FALSE,WORKING,FALSE,FALSE,BLOCKED,TRUE,FALSE,0,,0,,,,,
3330.47,INSPECTING,INSPECTING,1,0,2,1,0,WORKING,FALSE,WORKING,FALSE,FALSE,BLOCKED,TRUE,FALSE,0,,0,,,,,
3331.61,INSPECTING,INSPECTING,0,0,2,1,0,WORKING,FALSE,WORKING,FALSE,FALSE,BLOCKED,TRUE,FALSE,0,,0,,,,,
3333.79,INSPECTING,INSPECTING,0,0,1,1,0,WORKING,FALSE,BLOCKED,FALSE,TRUE,BLOCKED,TRUE,FALSE,0,,0,,,,,
3334.05,INSPECTING,INSPECTING,1,0,1,1,0,WORKING,FALSE,WORKING,FALSE,FALSE,BLOCKED,TRUE,FALSE,0,,0,,,,,
3337.06,INSPECTING,INSPECTING,0,0,1,1,0,WORKING,FALSE,WORKING,FALSE,FALSE,BLOCKED,TRUE,FALSE,0,,0,,,,,
3337.2,INSPECTING,INSPECTING,0,0,0,1,0,WORKING,FALSE,BLOCKED,FALSE,TRUE,BLOCKED,TRUE,FALSE,0,,0,,,,,
3341.61,INSPECTING,INSPECTING,0,0,0,1,0,WORKING,FALSE,BLOCKED,FALSE,TRUE,WORKING,FALSE,FALSE,0,,0,,,,,
3345.52,INSPECTING,INSPECTING,0,0,1,1,0,WORKING,FALSE,BLOCKED,FALSE,TRUE,WORKING,FALSE,FALSE,0,,0,,,,,
3347.83,INSPECTING,INSPECTING,0,0,1,1,0,BLOCKED,FALSE,BLOCKED,FALSE,TRUE,WORKING,FALSE,FALSE,0,,0,,,,,
3349.89,INSPECTING,INSPECTING,0,0,1,0,0,BLOCKED,FALSE,BLOCKED,FALSE,TRUE,BLOCKED,TRUE,FALSE,0,,0,,,,,
3366.47,INSPECTING,INSPECTING,0,0,1,0,0,WORKING,FALSE,WORKING,FALSE,FALSE,BLOCKED,TRUE,FALSE,0,,0,,,,,
3368.83,INSPECTING,INSPECTING,0,0,0,0,0,WORKING,FALSE,BLOCKED,FALSE,TRUE,BLOCKED,TRUE,FALSE,0,,0,,,,,
3377.56,INSPECTING,INSPECTING,1,0,0,0,0,WORKING,FALSE,WORKING,FALSE,FALSE,BLOCKED,TRUE,FALSE,0,,0,,,,,
3379.09,INSPECTING,INSPECTING,2,0,0,1,0,WORKING,FALSE,WORKING,FALSE,FALSE,BLOCKED,TRUE,FALSE,0,,0,,,,,
3379.38,INSPECTING,INSPECTING,2,0,0,1,0,WORKING,FALSE,BLOCKED,FALSE,FALSE,BLOCKED,TRUE,FALSE,0,,0,,,,,
3381.09,INSPECTING,INSPECTING,1,0,0,1,0,WORKING,FALSE,BLOCKED,FALSE,FALSE,BLOCKED,TRUE,FALSE,0,,0,,,,,
3391.76,INSPECTING,INSPECTING,2,0,0,2,0,WORKING,FALSE,BLOCKED,FALSE,FALSE,BLOCKED,TRUE,FALSE,0,,0,,,,,
3398.26,INSPECTING,INSPECTING,1,0,0,2,0,WORKING,FALSE,BLOCKED,FALSE,FALSE,BLOCKED,TRUE,FALSE,0,,0,,,,,
3400.61,INSPECTING,INSPECTING,0,0,0,2,0,WORKING,FALSE,BLOCKED,FALSE,FALSE,BLOCKED,TRUE,FALSE,0,,0,,,,,
3401.73,INSPECTING,INSPECTING,2,0,0,2,0,WORKING,FALSE,BLOCKED,FALSE,FALSE,BLOCKED,TRUE,FALSE,0,,0,,,,,
3401.81,INSPECTING,INSPECTING,1,0,0,2,0,WORKING,FALSE,BLOCKED,FALSE,FALSE,BLOCKED,TRUE,FALSE,0,,0,,,,,
3402.72,INSPECTING,INSPECTING,0,0,0,2,0,WORKING,FALSE,BLOCKED,FALSE,FALSE,BLOCKED,TRUE,FALSE,0,,0,,,,,
3403.03,INSPECTING,INSPECTING,0,0,0,2,0,BLOCKED,FALSE,BLOCKED,FALSE,FALSE,BLOCKED,TRUE,FALSE,0,,0,,,,,
3406.24,INSPECTING,INSPECTING,1,0,0,2,0,WORKING,FALSE,BLOCKED,FALSE,FALSE,BLOCKED,TRUE,FALSE,0,,0,,,,,
3406.32,INSPECTING,INSPECTING,0,0,0,2,0,WORKING,FALSE,BLOCKED,FALSE,FALSE,BLOCKED,TRUE,FALSE,0,,0,,,,,
3407.28,INSPECTING,INSPECTING,0,0,0,2,0,BLOCKED,FALSE,BLOCKED,FALSE,FALSE,BLOCKED,TRUE,FALSE,0,,0,,,,,
3412.87,INSPECTING,INSPECTING,1,0,0,2,0,WORKING,FALSE,BLOCKED,FALSE,FALSE,BLOCKED,TRUE,FALSE,0,,0,,,,,
3414.12,INSPECTING,INSPECTING,2,0,0,2,0,WORKING,FALSE,BLOCKED,FALSE,FALSE,BLOCKED,TRUE,FALSE,0,,0,,,,,
3414.99,INSPECTING,INSPECTING,2,0,0,2,0,WORKING,FALSE,BLOCKED,FALSE,FALSE,WORKING,FALSE,FALSE,0,,0,,,,,
3421.17,INSPECTING,INSPECTING,1,0,0,2,0,WORKING,FALSE,BLOCKED,FALSE,FALSE,WORKING,FALSE,FALSE,0,,0,,,,,
3423.31,INSPECTING,INSPECTING,1,0,0,2,1,WORKING,FALSE,BLOCKED,FALSE,FALSE,WORKING,FALSE,FALSE,0,,0,,,,,
3432.36,INSPECTING,INSPECTING,2,0,0,2,1,WORKING,FALSE,BLOCKED,FALSE,FALSE,WORKING,FALSE,FALSE,0,,0,,,,,
3434.61,INSPECTING,INSPECTING,2,0,0,1,0,WORKING,FALSE,BLOCKED,FALSE,FALSE,WORKING,FALSE,FALSE,0,,0,,,,,
3436.83,INSPECTING,INSPECTING,2,0,0,2,0,WORKING,FALSE,BLOCKED,FALSE,FALSE,WORKING,FALSE,FALSE,0,,0,,,,,
3439.27,INSPECTING,INSPECTING,1,0,0,2,0,WORKING,FALSE,BLOCKED,FALSE,FALSE,WORKING,FALSE,FALSE,0,,0,,,,,
3439.28,INSPECTING,INSPECTING,1,0,0,1,0,WORKING,FALSE,BLOCKED,FALSE,FALSE,BLOCKED,TRUE,FALSE,0,,0,,,,,
3444.09,INSPECTING,INSPECTING,2,0,0,2,0,WORKING,FALSE,BLOCKED,FALSE,FALSE,BLOCKED,TRUE,FALSE,0,,0,,,,,
3444.54,BLOCKED,INSPECTING,2,0,0,2,0,WORKING,FALSE,BLOCKED,FALSE,FALSE,BLOCKED,TRUE,FALSE,2.75,,0,,,,,
3447.29,BLOCKED,INSPECTING,1,0,0,2,0,WORKING,FALSE,BLOCKED,FALSE,FALSE,BLOCKED,TRUE,FALSE,0.01,,0,,,,,
3447.3,INSPECTING,INSPECTING,2,0,0,2,0,WORKING,FALSE,BLOCKED,FALSE,FALSE,BLOCKED,TRUE,FALSE,0,,0,,,,,
3448.17,BLOCKED,INSPECTING,2,0,0,2,0,WORKING,FALSE,BLOCKED,FALSE,FALSE,BLOCKED,TRUE,FALSE,0.81,,0,,,,,
3448.98,BLOCKED,INSPECTING,1,0,0,2,0,WORKING,FALSE,BLOCKED,FALSE,FALSE,BLOCKED,TRUE,FALSE,0.01,,0,,,,,
3448.99,INSPECTING,INSPECTING,2,0,0,2,0,WORKING,FALSE,BLOCKED,FALSE,FALSE,BLOCKED,TRUE,FALSE,0,,0,,,,,
3450.63,INSPECTING,INSPECTING,1,0,0,2,0,WORKING,FALSE,BLOCKED,FALSE,FALSE,BLOCKED,TRUE,FALSE,0,,0,,,,,
3452.65,INSPECTING,INSPECTING,2,0,0,2,0,WORKING,FALSE,BLOCKED,FALSE,FALSE,BLOCKED,TRUE,FALSE,0,,0,,,,,
3454.46,INSPECTING,INSPECTING,1,0,0,2,0,WORKING,FALSE,BLOCKED,FALSE,FALSE,BLOCKED,TRUE,FALSE,0,,0,,,,,
3454.93,INSPECTING,INSPECTING,1,0,0,2,0,WORKING,FALSE,BLOCKED,FALSE,FALSE,WORKING,FALSE,FALSE,0,,0,,,,,
3455.92,INSPECTING,INSPECTING,2,0,0,2,0,WORKING,FALSE,BLOCKED,FALSE,FALSE,WORKING,FALSE,FALSE,0,,0,,,,,
3456.42,INSPECTING,INSPECTING,2,0,0,1,0,WORKING,FALSE,BLOCKED,FALSE,FALSE,BLOCKED,TRUE,FALSE,0,,0,,,,,
3460.65,INSPECTING,INSPECTING,1,0,0,1,0,WORKING,FALSE,BLOCKED,FALSE,FALSE,BLOCKED,TRUE,FALSE,0,,0,,,,,
3461.92,INSPECTING,INSPECTING,0,0,0,1,0,WORKING,FALSE,BLOCKED,FALSE,FALSE,BLOCKED,TRUE,FALSE,0,,0,,,,,
3468.34,INSPECTING,INSPECTING,0,0,0,1,0,BLOCKED,FALSE,BLOCKED,FALSE,FALSE,BLOCKED,TRUE,FALSE,0,,0,,,,,
3476.97,INSPECTING,INSPECTING,0,0,0,2,0,WORKING,FALSE,BLOCKED,FALSE,FALSE,BLOCKED,TRUE,FALSE,0,,0,,,,,
3481.91,INSPECTING,INSPECTING,0,0,0,2,0,WORKING,FALSE,BLOCKED,FALSE,FALSE,WORKING,FALSE,FALSE,0,,0,,,,,
3483.17,INSPECTING,INSPECTING,0,0,0,2,0,BLOCKED,FALSE,BLOCKED,FALSE,FALSE,WORKING,FALSE,FALSE,0,,0,,,,,
3487.95,INSPECTING,INSPECTING,0,0,0,1,0,BLOCKED,FALSE,BLOCKED,FALSE,FALSE,BLOCKED,TRUE,FALSE,0,,0,,,,,
3494.82,INSPECTING,INSPECTING,0,0,0,1,0,BLOCKED,FALSE,BLOCKED,FALSE,TRUE,BLOCKED,TRUE,FALSE,0,,0,,,,,
3494.9,INSPECTING,INSPECTING,0,0,0,1,0,BLOCKED,FALSE,BLOCKED,FALSE,TRUE,WORKING,FALSE,FALSE,0,,0,,,,,
3499.33,INSPECTING,INSPECTING,0,0,0,1,0,WORKING,FALSE,WORKING,FALSE,FALSE,WORKING,FALSE,FALSE,0,,0,,,,,
3500.79,INSPECTING,INSPECTING,0,0,1,1,0,WORKING,FALSE,WORKING,FALSE,FALSE,WORKING,FALSE,FALSE,0,,0,,,,,
3501.16,INSPECTING,INSPECTING,0,0,0,1,0,WORKING,FALSE,BLOCKED,FALSE,TRUE,WORKING,FALSE,FALSE,0,,0,,,,,
3503.73,INSPECTING,INSPECTING,0,0,0,1,0,BLOCKED,FALSE,BLOCKED,FALSE,TRUE,WORKING,FALSE,FALSE,0,,0,,,,,
3504.73,INSPECTING,INSPECTING,0,0,0,1,0,WORKING,FALSE,WORKING,FALSE,FALSE,WORKING,FALSE,FALSE,0,,0,,,,,
3505.17,INSPECTING,INSPECTING,1,1,0,1,0,WORKING,FALSE,WORKING,FALSE,FALSE,WORKING,FALSE,FALSE,0,,0,,,,,
3508.4,INSPECTING,INSPECTING,0,1,0,1,0,WORKING,FALSE,WORKING,FALSE,FALSE,WORKING,FALSE,FALSE,0,,0,,,,,
3511.95,INSPECTING,INSPECTING,0,1,0,1,0,BLOCKED,FALSE,WORKING,FALSE,FALSE,WORKING,FALSE,FALSE,0,,0,,,,,
3512.08,INSPECTING,INSPECTING,0,1,0,0,0,BLOCKED,FALSE,WORKING,FALSE,FALSE,BLOCKED,TRUE,FALSE,0,,0,,,,,
3512.89,INSPECTING,INSPECTING,0,1,1,0,0,BLOCKED,FALSE,WORKING,FALSE,FALSE,BLOCKED,TRUE,FALSE,0,,0,,,,,
3517.18,INSPECTING,INSPECTING,0,1,1,1,0,WORKING,FALSE,WORKING,FALSE,FALSE,BLOCKED,TRUE,FALSE,0,,0,,,,,
3518.64,INSPECTING,INSPECTING,0,1,1,1,0,BLOCKED,FALSE,WORKING,FALSE,FALSE,BLOCKED,TRUE,FALSE,0,,0,,,,,
3529.57,INSPECTING,INSPECTING,0,0,0,1,0,BLOCKED,FALSE,WORKING,FALSE,FALSE,BLOCKED,TRUE,FALSE,0,,0,,,,,
3538.84,INSPECTING,INSPECTING,0,0,0,1,0,BLOCKED,FALSE,BLOCKED,FALSE,FALSE,BLOCKED,TRUE,FALSE,0,,0,,,,,
3539.72,INSPECTING,INSPECTING,0,0,0,2,0,WORKING,FALSE,BLOCKED,FALSE,FALSE,BLOCKED,TRUE,FALSE,0,,0,,,,,
3544.04,INSPECTING,INSPECTING,0,0,0,2,0,BLOCKED,FALSE,BLOCKED,FALSE,FALSE,BLOCKED,TRUE,FALSE,0,,0,,,,,
3552.14,INSPECTING,INSPECTING,0,0,0,2,0,BLOCKED,FALSE,BLOCKED,FALSE,FALSE,WORKING,FALSE,FALSE,0,,0,,,,,
3556.36,INSPECTING,INSPECTING,0,0,0,1,0,BLOCKED,FALSE,BLOCKED,FALSE,FALSE,BLOCKED,TRUE,FALSE,0,,0,,,,,
3561.21,INSPECTING,INSPECTING,0,0,0,2,0,WORKING,FALSE,BLOCKED,FALSE,FALSE,BLOCKED,TRUE,FALSE,0,,0,,,,,
3562.56,INSPECTING,INSPECTING,0,0,0,2,0,BLOCKED,FALSE,BLOCKED,FALSE,FALSE,BLOCKED,TRUE,FALSE,0,,0,,,,,
3571.68,INSPECTING,INSPECTING,1,0,0,2,0,WORKING,FALSE,BLOCKED,FALSE,FALSE,BLOCKED,TRUE,FALSE,0,,0,,,,,
3574.11,INSPECTING,INSPECTING,0,0,0,2,0,WORKING,FALSE,BLOCKED,FALSE,FALSE,BLOCKED,TRUE,FALSE,0,,0,,,,,
3578.92,INSPECTING,INSPECTING,2,0,0,2,0,WORKING,FALSE,BLOCKED,FALSE,FALSE,BLOCKED,TRUE,FALSE,0,,0,,,,,
3581.55,BLOCKED,INSPECTING,2,0,0,2,0,WORKING,FALSE,BLOCKED,FALSE,FALSE,BLOCKED,TRUE,FALSE,1.19,,0,,,,,
3582.74,BLOCKED,INSPECTING,2,0,0,2,0,WORKING,FALSE,BLOCKED,FALSE,FALSE,WORKING,FALSE,FALSE,4.69,,0,,,,,
3587.43,BLOCKED,INSPECTING,1,0,0,2,0,WORKING,FALSE,BLOCKED,FALSE,FALSE,WORKING,FALSE,FALSE,0.01,,0,,,,,
3587.44,INSPECTING,INSPECTING,2,0,0,2,0,WORKING,FALSE,BLOCKED,FALSE,FALSE,WORKING,FALSE,FALSE,0,,0,,,,,
3590.08,INSPECTING,INSPECTING,2,0,0,2,1,WORKING,FALSE,BLOCKED,FALSE,FALSE,WORKING,FALSE,FALSE,0,,0,,,,,
3591.41,INSPECTING,INSPECTING,2,0,0,2,1,WORKING,FALSE,BLOCKED,TRUE,FALSE,WORKING,FALSE,FALSE,0,,0,,,,,
3597.74,INSPECTING,INSPECTING,2,0,0,1,0,WORKING,FALSE,BLOCKED,TRUE,FALSE,WORKING,FALSE,FALSE,0,,0,,,,,
3598.96,INSPECTING,INSPECTING,1,0,0,1,0,WORKING,FALSE,BLOCKED,TRUE,FALSE,WORKING,FALSE,FALSE,0,,0,,,,,
3599.05,INSPECTING,INSPECTING,1,0,0,0,0,WORKING,FALSE,BLOCKED,TRUE,FALSE,BLOCKED,TRUE,FALSE,0,,0,,,,,
3599.07,INSPECTING,INSPECTING,1,0,0,0,0,WORKING,FALSE,WORKING,FALSE,FALSE,BLOCKED,TRUE,FALSE,0,,0,,,,,
3600.97,INSPECTING,INSPECTING,0,0,0,0,0,WORKING,FALSE,WORKING,FALSE,FALSE,BLOCKED,TRUE,FALSE,0,,0,,,,,
3601.53,INSPECTING,INSPECTING,1,0,0,1,0,WORKING,FALSE,WORKING,FALSE,FALSE,BLOCKED,TRUE,FALSE,0,,0,,,,,
3610.32,INSPECTING,INSPECTING,1,0,0,1,0,WORKING,FALSE,BLOCKED,FALSE,FALSE,BLOCKED,TRUE,FALSE,0,,0,,,,,
3613.64,INSPECTING,INSPECTING,2,0,0,2,0,WORKING,FALSE,BLOCKED,FALSE,FALSE,BLOCKED,TRUE,FALSE,0,,0,,,,,
3619.22,INSPECTING,INSPECTING,1,0,0,2,0,WORKING,FALSE,BLOCKED,FALSE,FALSE,BLOCKED,TRUE,FALSE,0,,0,,,,,
3619.68,INSPECTING,INSPECTING,1,0,0,2,0,WORKING,FALSE,BLOCKED,FALSE,FALSE,WORKING,FALSE,FALSE,0,,0,,,,,
3619.8,INSPECTING,INSPECTING,0,0,0,2,0,WORKING,FALSE,BLOCKED,FALSE,FALSE,WORKING,FALSE,FALSE,0,,0,,,,,
3621.8,INSPECTING,INSPECTING,1,0,0,2,0,WORKING,FALSE,BLOCKED,TRUE,FALSE,WORKING,FALSE,FALSE,0,,0,,,,,
3623.56,INSPECTING,INSPECTING,0,0,0,2,0,WORKING,FALSE,BLOCKED,TRUE,FALSE,WORKING,FALSE,FALSE,0,,0,,,,,
3623.68,INSPECTING,INSPECTING,1,1,0,2,0,WORKING,FALSE,BLOCKED,TRUE,FALSE,WORKING,FALSE,FALSE,0,,0,,,,,
3624.69,INSPECTING,INSPECTING,0,1,0,2,0,WORKING,FALSE,BLOCKED,TRUE,FALSE,WORKING,FALSE,FALSE,0,,0,,,,,
3625.65,INSPECTING,INSPECTING,0,1,0,2,0,BLOCKED,FALSE,BLOCKED,TRUE,FALSE,WORKING,FALSE,FALSE,0,,0,,,,,
3630.17,INSPECTING,INSPECTING,0,2,0,2,0,WORKING,FALSE,BLOCKED,TRUE,FALSE,WORKING,FALSE,FALSE,0,,0,,,,,
3630.63,INSPECTING,INSPECTING,2,2,0,2,0,WORKING,FALSE,BLOCKED,TRUE,FALSE,WORKING,FALSE,FALSE,0,,0,,,,,
3634.7,BLOCKED,INSPECTING,2,2,0,2,0,WORKING,FALSE,BLOCKED,TRUE,FALSE,WORKING,FALSE,FALSE,1.77,,0,,,,,
3636.47,BLOCKED,INSPECTING,1,2,0,2,0,WORKING,FALSE,BLOCKED,TRUE,FALSE,WORKING,FALSE,FALSE,0.01,,0,,,,,
3636.48,INSPECTING,INSPECTING,2,2,0,2,0,WORKING,FALSE,BLOCKED,TRUE,FALSE,WORKING,FALSE,FALSE,0,,0,,,,,
3637.32,BLOCKED,INSPECTING,2,2,0,2,0,WORKING,FALSE,BLOCKED,TRUE,FALSE,WORKING,FALSE,FALSE,7.98,,0,,,,,
3645.3,BLOCKED,INSPECTING,2,2,0,1,0,WORKING,FALSE,BLOCKED,TRUE,FALSE,BLOCKED,TRUE,FALSE,8.97,,0,,,,,
3654.27,BLOCKED,INSPECTING,1,2,0,1,0,WORKING,FALSE,BLOCKED,TRUE,FALSE,BLOCKED,TRUE,FALSE,0.01,,0,,,,,
3654.28,INSPECTING,INSPECTING,2,2,0,1,0,WORKING,FALSE,BLOCKED,TRUE,FALSE,BLOCKED,TRUE,FALSE,0,,0,,,,,
3655.25,INSPECTING,INSPECTING,2,2,0,1,0,WORKING,FALSE,WORKING,FALSE,FALSE,BLOCKED,TRUE,FALSE,0,,0,,,,,
3657.95,INSPECTING,INSPECTING,2,1,0,1,0,WORKING,FALSE,BLOCKED,TRUE,FALSE,BLOCKED,TRUE,FALSE,0,,0,,,,,
3658.83,INSPECTING,INSPECTING,1,1,0,1,0,WORKING,FALSE,BLOCKED,TRUE,FALSE,BLOCKED,TRUE,FALSE,0,,0,,,,,
3671.36,INSPECTING,INSPECTING,2,1,0,2,0,WORKING,FALSE,BLOCKED,TRUE,FALSE,BLOCKED,TRUE,FALSE,0,,0,,,,,
3671.49,BLOCKED,INSPECTING,2,1,0,2,0,WORKING,FALSE,BLOCKED,TRUE,FALSE,BLOCKED,TRUE,FALSE,15.53,,0,,,,,
3687.02,BLOCKED,INSPECTING,2,1,0,2,0,WORKING,FALSE,BLOCKED,TRUE,FALSE,WORKING,FALSE,FALSE,0.01,,0,,,,,
3687.03,INSPECTING,INSPECTING,2,2,0,2,0,WORKING,FALSE,BLOCKED,TRUE,FALSE,WORKING,FALSE,FALSE,0,,0,,,,,
3687.34,INSPECTING,INSPECTING,2,2,0,1,0,WORKING,FALSE,BLOCKED,TRUE,FALSE,BLOCKED,TRUE,FALSE,0,,0,,,,,
3692.11,INSPECTING,INSPECTING,1,2,0,1,0,WORKING,FALSE,BLOCKED,TRUE,FALSE,BLOCKED,TRUE,FALSE,0,,0,,,,,
3696.72,INSPECTING,INSPECTING,0,2,0,1,0,WORKING,FALSE,BLOCKED,TRUE,FALSE,BLOCKED,TRUE,FALSE,0,,0,,,,,
3705.78,INSPECTING,INSPECTING,0,2,0,1,0,BLOCKED,FALSE,BLOCKED,TRUE,FALSE,BLOCKED,TRUE,FALSE,0,,0,,,,,
3706.91,INSPECTING,INSPECTING,1,2,0,1,0,WORKING,FALSE,BLOCKED,TRUE,FALSE,BLOCKED,TRUE,FALSE,0,,0,,,,,
3710.69,INSPECTING,INSPECTING,1,2,0,1,0,WORKING,FALSE,WORKING,FALSE,FALSE,BLOCKED,TRUE,FALSE,0,,0,,,,,
3714.52,INSPECTING,INSPECTING,0,2,0,1,0,WORKING,FALSE,WORKING,FALSE,FALSE,BLOCKED,TRUE,FALSE,0,,0,,,,,
3716.03,INSPECTING,INSPECTING,1,2,0,2,0,WORKING,FALSE,WORKING,FALSE,FALSE,BLOCKED,TRUE,FALSE,0,,0,,,,,
3721.64,INSPECTING,INSPECTING,1,2,0,2,0,WORKING,FALSE,WORKING,FALSE,FALSE,WORKING,FALSE,FALSE,0,,0,,,,,
3724.13,INSPECTING,INSPECTING,2,2,0,2,0,WORKING,FALSE,WORKING,FALSE,FALSE,WORKING,FALSE,FALSE,0,,0,,,,,
3724.73,INSPECTING,INSPECTING,2,1,0,2,0,WORKING,FALSE,BLOCKED,TRUE,FALSE,WORKING,FALSE,FALSE,0,,0,,,,,
3725.99,INSPECTING,INSPECTING,2,1,0,2,0,WORKING,FALSE,WORKING,FALSE,FALSE,WORKING,FALSE,FALSE,0,,0,,,,,
3729.08,INSPECTING,INSPECTING,2,0,0,2,0,WORKING,FALSE,BLOCKED,TRUE,FALSE,WORKING,FALSE,FALSE,0,,0,,,,,
3729.75,INSPECTING,INSPECTING,2,0,0,1,0,WORKING,FALSE,BLOCKED,TRUE,FALSE,BLOCKED,TRUE,FALSE,0,,0,,,,,
3733.61,INSPECTING,INSPECTING,1,0,0,1,0,WORKING,FALSE,BLOCKED,TRUE,FALSE,BLOCKED,TRUE,FALSE,0,,0,,,,,
3737.94,INSPECTING,INSPECTING,1,0,0,1,0,WORKING,FALSE,WORKING,FALSE,FALSE,BLOCKED,TRUE,FALSE,0,,0,,,,,
3741.16,INSPECTING,INSPECTING,2,1,0,1,0,WORKING,FALSE,WORKING,FALSE,FALSE,BLOCKED,TRUE,FALSE,0,,0,,,,,
3741.29,INSPECTING,INSPECTING,2,2,0,1,0,WORKING,FALSE,WORKING,FALSE,FALSE,BLOCKED,TRUE,FALSE,0,,0,,,,,
3744.58,INSPECTING,INSPECTING,2,2,1,1,0,WORKING,FALSE,WORKING,FALSE,FALSE,BLOCKED,TRUE,FALSE,0,,0,,,,,
3744.74,BLOCKED,INSPECTING,2,2,1,1,0,WORKING,FALSE,WORKING,FALSE,FALSE,BLOCKED,TRUE,FALSE,8.16,,0,,,,,
3752.9,BLOCKED,INSPECTING,1,2,1,1,0,WORKING,FALSE,WORKING,FALSE,FALSE,BLOCKED,TRUE,FALSE,0.01,,0,,,,,
3752.91,INSPECTING,INSPECTING,2,2,1,1,0,WORKING,FALSE,WORKING,FALSE,FALSE,BLOCKED,TRUE,FALSE,0,,0,,,,,
3754.89,INSPECTING,INSPECTING,2,1,0,1,0,WORKING,FALSE,WORKING,FALSE,FALSE,BLOCKED,TRUE,FALSE,0,,0,,,,,
3755.37,INSPECTING,INSPECTING,2,2,0,1,0,WORKING,FALSE,WORKING,FALSE,FALSE,BLOCKED,TRUE,FALSE,0,,0,,,,,
3758.67,INSPECTING,INSPECTING,2,1,0,1,0,WORKING,FALSE,BLOCKED,TRUE,FALSE,BLOCKED,TRUE,FALSE,0,,0,,,,,
3760.03,INSPECTING,INSPECTING,2,2,0,1,0,WORKING,FALSE,BLOCKED,TRUE,FALSE,BLOCKED,TRUE,FALSE,0,,0,,,,,
3762.92,INSPECTING,INSPECTING,1,2,0,1,0,WORKING,FALSE,BLOCKED,TRUE,FALSE,BLOCKED,TRUE,FALSE,0,,0,,,,,
3763.86,INSPECTING,INSPECTING,2,2,0,1,0,WORKING,FALSE,BLOCKED,TRUE,FALSE,BLOCKED,TRUE,FALSE,0,,0,,,,,
3766.28,INSPECTING,INSPECTING,1,2,0,1,0,WORKING,FALSE,BLOCKED,TRUE,FALSE,BLOCKED,TRUE,FALSE,0,,0,,,,,
3767.81,INSPECTING,INSPECTING,0,2,0,1,0,WORKING,FALSE,BLOCKED,TRUE,FALSE,BLOCKED,TRUE,FALSE,0,,0,,,,,
3769.29,INSPECTING,INSPECTING,0,2,0,1,0,BLOCKED,FALSE,BLOCKED,TRUE,FALSE,BLOCKED,TRUE,FALSE,0,,0,,,,,
3775.86,INSPECTING,INSPECTING,0,2,0,1,0,BLOCKED,FALSE,WORKING,FALSE,FALSE,BLOCKED,TRUE,FALSE,0,,0,,,,,
3777.49,INSPECTING,INSPECTING,0,2,1,1,0,BLOCKED,FALSE,WORKING,FALSE,FALSE,BLOCKED,TRUE,FALSE,0,,0,,,,,
3779.64,INSPECTING,INSPECTING,0,1,0,1,0,BLOCKED,FALSE,WORKING,FALSE,FALSE,BLOCKED,TRUE,FALSE,0,,0,,,,,
3780.11,INSPECTING,INSPECTING,0,1,0,2,0,WORKING,FALSE,WORKING,FALSE,FALSE,BLOCKED,TRUE,FALSE,0,,0,,,,,
3800.04,INSPECTING,INSPECTING,2,1,0,2,0,WORKING,FALSE,WORKING,FALSE,FALSE,BLOCKED,TRUE,FALSE,0,,0,,,,,
3802.4,INSPECTING,INSPECTING,1,1,0,2,0,WORKING,FALSE,WORKING,FALSE,FALSE,BLOCKED,TRUE,FALSE,0,,0,,,,,
3803.26,INSPECTING,INSPECTING,0,1,0,2,0,WORKING,FALSE,WORKING,FALSE,FALSE,BLOCKED,TRUE,FALSE,0,,0,,,,,
3806,INSPECTING,INSPECTING,0,1,0,2,0,BLOCKED,FALSE,WORKING,FALSE,FALSE,BLOCKED,TRUE,FALSE,0,,0,,,,,
3816.1,INSPECTING,INSPECTING,0,0,0,2,0,BLOCKED,FALSE,BLOCKED,TRUE,FALSE,BLOCKED,TRUE,FALSE,0,,0,,,,,
3816.36,INSPECTING,INSPECTING,1,0,0,2,0,WORKING,FALSE,BLOCKED,TRUE,FALSE,BLOCKED,TRUE,FALSE,0,,0,,,,,
3817.85,INSPECTING,INSPECTING,0,0,0,2,0,WORKING,FALSE,BLOCKED,TRUE,FALSE,BLOCKED,TRUE,FALSE,0,,0,,,,,
3819.6,INSPECTING,INSPECTING,0,0,0,2,0,BLOCKED,FALSE,BLOCKED,TRUE,FALSE,BLOCKED,TRUE,FALSE,0,,0,,,,,
3820.65,INSPECTING,INSPECTING,1,0,0,2,0,WORKING,FALSE,BLOCKED,TRUE,FALSE,BLOCKED,TRUE,FALSE,0,,0,,,,,
3822.36,INSPECTING,INSPECTING,2,0,0,2,0,WORKING,FALSE,BLOCKED,TRUE,FALSE,BLOCKED,TRUE,FALSE,0,,0,,,,,
3823.05,INSPECTING,INSPECTING,1,0,0,2,0,WORKING,FALSE,BLOCKED,TRUE,FALSE,BLOCKED,TRUE,FALSE,0,,0,,,,,
3823.61,INSPECTING,INSPECTING,0,0,0,2,0,WORKING,FALSE,BLOCKED,TRUE,FALSE,BLOCKED,TRUE,FALSE,0,,0,,,,,
3825.47,INSPECTING,INSPECTING,0,0,0,2,0,BLOCKED,FALSE,BLOCKED,TRUE,FALSE,BLOCKED,TRUE,FALSE,0,,0,,,,,
3835.46,INSPECTING,INSPECTING,1,0,0,2,0,WORKING,FALSE,BLOCKED,TRUE,FALSE,BLOCKED,TRUE,FALSE,0,,0,,,,,
3836.76,INSPECTING,INSPECTING,1,0,0,2,0,WORKING,FALSE,BLOCKED,TRUE,FALSE,WORKING,FALSE,FALSE,0,,0,,,,,
3839.25,INSPECTING,INSPECTING,1,0,0,1,0,WORKING,FALSE,BLOCKED,TRUE,FALSE,BLOCKED,TRUE,FALSE,0,,0,,,,,
3842.8,INSPECTING,INSPECTING,0,0,0,1,0,WORKING,FALSE,BLOCKED,TRUE,FALSE,BLOCKED,TRUE,FALSE,0,,0,,,,,
3847.66,INSPECTING,INSPECTING,0,0,0,1,0,BLOCKED,FALSE,BLOCKED,TRUE,FALSE,BLOCKED,TRUE,FALSE,0,,0,,,,,
3849.68,INSPECTING,INSPECTING,0,0,0,1,0,BLOCKED,FALSE,WORKING,FALSE,FALSE,BLOCKED,TRUE,FALSE,0,,0,,,,,
3851.27,INSPECTING,INSPECTING,0,1,0,1,0,WORKING,FALSE,WORKING,FALSE,FALSE,BLOCKED,TRUE,FALSE,0,,0,,,,,
3852.73,INSPECTING,INSPECTING,0,1,0,1,0,BLOCKED,FALSE,WORKING,FALSE,FALSE,BLOCKED,TRUE,FALSE,0,,0,,,,,
3853.73,INSPECTING,INSPECTING,0,2,0,1,0,WORKING,FALSE,WORKING,FALSE,FALSE,BLOCKED,TRUE,FALSE,0,,0,,,,,
3855.11,INSPECTING,INSPECTING,0,1,0,1,0,WORKING,FALSE,BLOCKED,TRUE,FALSE,BLOCKED,TRUE,FALSE,0,,0,,,,,
3858.26,INSPECTING,INSPECTING,1,2,0,1,0,WORKING,FALSE,BLOCKED,TRUE,FALSE,BLOCKED,TRUE,FALSE,0,,0,,,,,
3862.37,INSPECTING,INSPECTING,1,2,0,1,0,WORKING,FALSE,WORKING,FALSE,FALSE,BLOCKED,TRUE,FALSE,0,,0,,,,,
3864.36,INSPECTING,INSPECTING,0,2,0,1,0,WORKING,FALSE,WORKING,FALSE,FALSE,BLOCKED,TRUE,FALSE,0,,0,,,,,
3865.15,INSPECTING,INSPECTING,0,1,0,1,0,WORKING,FALSE,BLOCKED,TRUE,FALSE,BLOCKED,TRUE,FALSE,0,,0,,,,,
3865.36,INSPECTING,INSPECTING,0,1,0,1,0,BLOCKED,FALSE,BLOCKED,TRUE,FALSE,BLOCKED,TRUE,FALSE,0,,0,,,,,
3876.29,INSPECTING,INSPECTING,0,2,0,1,0,WORKING,FALSE,BLOCKED,TRUE,FALSE,BLOCKED,TRUE,FALSE,0,,0,,,,,
3879.55,INSPECTING,INSPECTING,0,2,0,1,0,BLOCKED,FALSE,BLOCKED,TRUE,FALSE,BLOCKED,TRUE,FALSE,0,,0,,,,,
3888.61,INSPECTING,INSPECTING,1,2,0,1,0,WORKING,FALSE,BLOCKED,TRUE,FALSE,BLOCKED,TRUE,FALSE,0,,0,,,,,
3894.09,INSPECTING,INSPECTING,2,2,0,1,0,WORKING,FALSE,BLOCKED,TRUE,FALSE,BLOCKED,TRUE,FALSE,0,,0,,,,,
3895.41,BLOCKED,INSPECTING,2,2,0,1,0,WORKING,FALSE,BLOCKED,TRUE,FALSE,BLOCKED,TRUE,FALSE,4.81,,0,,,,,
3900.22,BLOCKED,INSPECTING,2,2,0,1,0,WORKING,FALSE,WORKING,FALSE,FALSE,BLOCKED,TRUE,FALSE,0.01,,0,,,,,
3900.23,INSPECTING,INSPECTING,2,2,0,2,0,WORKING,FALSE,WORKING,FALSE,FALSE,BLOCKED,TRUE,FALSE,0,,0,,,,,
3902.23,INSPECTING,INSPECTING,2,2,0,2,0,WORKING,FALSE,WORKING,FALSE,FALSE,WORKING,FALSE,FALSE,0,,0,,,,,
3902.86,INSPECTING,INSPECTING,2,2,1,2,0,WORKING,FALSE,WORKING,FALSE,FALSE,WORKING,FALSE,FALSE,0,,0,,,,,
3903.25,INSPECTING,INSPECTING,1,2,1,2,0,WORKING,FALSE,WORKING,FALSE,FALSE,WORKING,FALSE,FALSE,0,,0,,,,,
3903.96,INSPECTING,INSPECTING,1,2,1,1,0,WORKING,FALSE,WORKING,FALSE,FALSE,BLOCKED,TRUE,FALSE,0,,0,,,,,
3904.92,INSPECTING,INSPECTING,0,2,1,1,0,WORKING,FALSE,WORKING,FALSE,FALSE,BLOCKED,TRUE,FALSE,0,,0,,,,,
3906.03,INSPECTING,INSPECTING,0,2,2,1,0,WORKING,FALSE,WORKING,FALSE,FALSE,BLOCKED,TRUE,FALSE,0,,0,,,,,
3907.26,INSPECTING,INSPECTING,1,2,2,2,0,WORKING,FALSE,WORKING,FALSE,FALSE,BLOCKED,TRUE,FALSE,0,,0,,,,,
3909.79,INSPECTING,INSPECTING,1,1,1,2,0,WORKING,FALSE,WORKING,FALSE,FALSE,BLOCKED,TRUE,FALSE,0,,0,,,,,
3911.62,INSPECTING,INSPECTING,0,1,1,2,0,WORKING,FALSE,WORKING,FALSE,FALSE,BLOCKED,TRUE,FALSE,0,,0,,,,,
3912.48,INSPECTING,INSPECTING,2,1,1,2,0,WORKING,FALSE,WORKING,FALSE,FALSE,BLOCKED,TRUE,FALSE,0,,0,,,,,
3914.82,BLOCKED,INSPECTING,2,1,1,2,0,WORKING,FALSE,WORKING,FALSE,FALSE,BLOCKED,TRUE,FALSE,0.3,,0,,,,,
3915.12,BLOCKED,INSPECTING,1,1,1,2,0,WORKING,FALSE,WORKING,FALSE,FALSE,BLOCKED,TRUE,FALSE,0.01,,0,,,,,
3915.13,INSPECTING,INSPECTING,2,1,1,2,0,WORKING,FALSE,WORKING,FALSE,FALSE,BLOCKED,TRUE,FALSE,0,,0,,,,,
3916.26,BLOCKED,INSPECTING,2,1,1,2,0,WORKING,FALSE,WORKING,FALSE,FALSE,BLOCKED,TRUE,FALSE,0.29,,0,,,,,
3916.55,BLOCKED,INSPECTING,1,1,1,2,0,WORKING,FALSE,WORKING,FALSE,FALSE,BLOCKED,TRUE,FALSE,0.01,,0,,,,,
3916.56,INSPECTING,INSPECTING,2,1,1,2,0,WORKING,FALSE,WORKING,FALSE,FALSE,BLOCKED,TRUE,FALSE,0,,0,,,,,
3919.13,INSPECTING,INSPECTING,2,0,0,2,0,WORKING,FALSE,WORKING,FALSE,FALSE,BLOCKED,TRUE,FALSE,0,,0,,,,,
3921.53,BLOCKED,INSPECTING,2,0,0,2,0,WORKING,FALSE,WORKING,FALSE,FALSE,BLOCKED,TRUE,FALSE,1.74,,0,,,,,
3923.27,BLOCKED,INSPECTING,1,0,0,2,0,WORKING,FALSE,WORKING,FALSE,FALSE,BLOCKED,TRUE,FALSE,0.01,,0,,,,,
3923.28,INSPECTING,INSPECTING,2,0,0,2,0,WORKING,FALSE,WORKING,FALSE,FALSE,BLOCKED,TRUE,FALSE,0,,0,,,,,
3925.96,INSPECTING,INSPECTING,1,0,0,2,0,WORKING,FALSE,WORKING,FALSE,FALSE,BLOCKED,TRUE,FALSE,0,,0,,,,,
3927.47,INSPECTING,INSPECTING,2,0,0,2,0,WORKING,FALSE,WORKING,FALSE,FALSE,BLOCKED,TRUE,FALSE,0,,0,,,,,
3928.06,BLOCKED,INSPECTING,2,0,0,2,0,WORKING,FALSE,WORKING,FALSE,FALSE,BLOCKED,TRUE,FALSE,0.03,,0,,,,,
3928.09,BLOCKED,INSPECTING,2,0,0,2,0,WORKING,FALSE,BLOCKED,FALSE,FALSE,BLOCKED,TRUE,FALSE,2.03,,0,,,,,
3930.12,BLOCKED,INSPECTING,1,0,0,2,0,WORKING,FALSE,BLOCKED,FALSE,FALSE,BLOCKED,TRUE,FALSE,0.01,,0,,,,,
3930.13,INSPECTING,INSPECTING,2,0,0,2,0,WORKING,FALSE,BLOCKED,FALSE,FALSE,BLOCKED,TRUE,FALSE,0,,0,,,,,
3930.36,BLOCKED,INSPECTING,2,0,0,2,0,WORKING,FALSE,BLOCKED,FALSE,FALSE,BLOCKED,TRUE,FALSE,7.06,,0,,,,,
3937.42,BLOCKED,INSPECTING,1,0,0,2,0,WORKING,FALSE,BLOCKED,FALSE,FALSE,BLOCKED,TRUE,FALSE,0.01,,0,,,,,
3937.43,INSPECTING,INSPECTING,2,0,0,2,0,WORKING,FALSE,BLOCKED,FALSE,FALSE,BLOCKED,TRUE,FALSE,0,,0,,,,,
3937.81,INSPECTING,INSPECTING,1,0,0,2,0,WORKING,FALSE,BLOCKED,FALSE,FALSE,BLOCKED,TRUE,FALSE,0,,0,,,,,
3938.93,INSPECTING,INSPECTING,0,0,0,2,0,WORKING,FALSE,BLOCKED,FALSE,FALSE,BLOCKED,TRUE,FALSE,0,,0,,,,,
3939,INSPECTING,INSPECTING,0,0,0,2,0,BLOCKED,FALSE,BLOCKED,FALSE,FALSE,BLOCKED,TRUE,FALSE,0,,0,,,,,
3952.43,INSPECTING,INSPECTING,1,0,0,2,0,WORKING,FALSE,BLOCKED,FALSE,FALSE,BLOCKED,TRUE,FALSE,0,,0,,,,,
3954.69,INSPECTING,INSPECTING,0,0,0,2,0,WORKING,FALSE,BLOCKED,FALSE,FALSE,BLOCKED,TRUE,FALSE,0,,0,,,,,
3954.74,INSPECTING,INSPECTING,0,0,0,2,0,BLOCKED,FALSE,BLOCKED,FALSE,FALSE,BLOCKED,TRUE,FALSE,0,,0,,,,,
3955.71,INSPECTING,INSPECTING,1,0,0,2,0,WORKING,FALSE,BLOCKED,FALSE,FALSE,BLOCKED,TRUE,FALSE,0,,0,,,,,
3957.66,INSPECTING,INSPECTING,0,0,0,2,0,WORKING,FALSE,BLOCKED,FALSE,FALSE,BLOCKED,TRUE,FALSE,0,,0,,,,,
3960.94,INSPECTING,INSPECTING,0,0,0,2,0,BLOCKED,FALSE,BLOCKED,FALSE,FALSE,BLOCKED,TRUE,FALSE,0,,0,,,,,
3964.42,INSPECTING,INSPECTING,1,0,0,2,0,WORKING,FALSE,BLOCKED,FALSE,FALSE,BLOCKED,TRUE,FALSE,0,,0,,,,,
3970.59,INSPECTING,INSPECTING,1,0,0,2,0,WORKING,FALSE,BLOCKED,FALSE,FALSE,WORKING,FALSE,FALSE,0,,0,,,,,
3971.65,INSPECTING,INSPECTING,2,0,0,2,0,WORKING,FALSE,BLOCKED,TRUE,FALSE,WORKING,FALSE,FALSE,0,,0,,,,,
3977.65,INSPECTING,INSPECTING,2,0,0,1,0,WORKING,FALSE,BLOCKED,TRUE,FALSE,BLOCKED,TRUE,FALSE,0,,0,,,,,
3980.04,INSPECTING,INSPECTING,2,0,0,1,0,WORKING,FALSE,WORKING,FALSE,FALSE,BLOCKED,TRUE,FALSE,0,,0,,,,,
3982.6,INSPECTING,INSPECTING,1,0,0,1,0,WORKING,FALSE,WORKING,FALSE,FALSE,BLOCKED,TRUE,FALSE,0,,0,,,,,
3983.14,INSPECTING,INSPECTING,1,0,0,1,0,WORKING,FALSE,BLOCKED,FALSE,FALSE,BLOCKED,TRUE,FALSE,0,,0,,,,,
3983.24,INSPECTING,INSPECTING,1,0,0,1,0,WORKING,FALSE,BLOCKED,FALSE,FALSE,WORKING,FALSE,FALSE,0,,0,,,,,
3983.54,INSPECTING,INSPECTING,1,0,0,0,0,WORKING,FALSE,BLOCKED,FALSE,FALSE,BLOCKED,TRUE,FALSE,0,,0,,,,,
3984.13,INSPECTING,INSPECTING,0,0,0,0,0,WORKING,FALSE,BLOCKED,FALSE,FALSE,BLOCKED,TRUE,FALSE,0,,0,,,,,
3985.84,INSPECTING,INSPECTING,0,0,0,0,0,WORKING,FALSE,BLOCKED,FALSE,TRUE,BLOCKED,TRUE,FALSE,0,,0,,,,,
3991.21,INSPECTING,INSPECTING,0,0,0,0,0,BLOCKED,FALSE,BLOCKED,FALSE,TRUE,BLOCKED,TRUE,FALSE,0,,0,,,,,
3991.78,INSPECTING,INSPECTING,0,0,0,0,0,WORKING,FALSE,WORKING,FALSE,FALSE,BLOCKED,TRUE,FALSE,0,,0,,,,,
3991.83,INSPECTING,INSPECTING,0,0,0,0,0,WORKING,FALSE,BLOCKED,FALSE,FALSE,BLOCKED,TRUE,FALSE,0,,0,,,,,
3994.38,INSPECTING,INSPECTING,0,0,0,0,0,BLOCKED,FALSE,BLOCKED,FALSE,FALSE,BLOCKED,TRUE,FALSE,0,,0,,,,,
4005.45,INSPECTING,INSPECTING,0,0,0,0,0,BLOCKED,FALSE,BLOCKED,FALSE,FALSE,WORKING,FALSE,FALSE,0,,0,,,,,
4006.66,INSPECTING,INSPECTING,0,0,0,1,0,WORKING,FALSE,BLOCKED,FALSE,FALSE,WORKING,FALSE,FALSE,0,,0,,,,,
4009.38,INSPECTING,INSPECTING,0,0,0,0,0,WORKING,FALSE,BLOCKED,FALSE,FALSE,BLOCKED,TRUE,FALSE,0,,0,,,,,
4009.46,INSPECTING,INSPECTING,0,0,0,0,0,WORKING,FALSE,BLOCKED,FALSE,FALSE,WORKING,FALSE,FALSE,0,,0,,,,,
4009.78,INSPECTING,INSPECTING,1,0,0,0,0,WORKING,FALSE,BLOCKED,TRUE,FALSE,WORKING,FALSE,FALSE,0,,0,,,,,
4011.07,INSPECTING,INSPECTING,2,1,0,0,0,WORKING,FALSE,BLOCKED,TRUE,FALSE,WORKING,FALSE,FALSE,0,,0,,,,,
4014.81,INSPECTING,INSPECTING,2,2,0,0,0,WORKING,FALSE,BLOCKED,TRUE,FALSE,WORKING,FALSE,FALSE,0,,0,,,,,
4014.86,INSPECTING,INSPECTING,2,2,0,0,0,WORKING,FALSE,BLOCKED,TRUE,FALSE,BLOCKED,FALSE,FALSE,0,,0,,,,,
4014.97,INSPECTING,INSPECTING,1,2,0,0,0,WORKING,FALSE,BLOCKED,TRUE,FALSE,BLOCKED,FALSE,FALSE,0,,0,,,,,
4016.09,INSPECTING,INSPECTING,0,2,0,0,0,WORKING,FALSE,BLOCKED,TRUE,FALSE,BLOCKED,FALSE,FALSE,0,,0,,,,,
4022.13,INSPECTING,INSPECTING,2,2,0,0,0,WORKING,FALSE,BLOCKED,TRUE,FALSE,BLOCKED,FALSE,FALSE,0,,0,,,,,
4024.33,INSPECTING,INSPECTING,1,2,0,0,0,WORKING,FALSE,BLOCKED,TRUE,FALSE,BLOCKED,FALSE,FALSE,0,,0,,,,,
4048.69,INSPECTING,INSPECTING,2,2,0,0,0,WORKING,FALSE,BLOCKED,TRUE,FALSE,BLOCKED,FALSE,FALSE,0,,0,,,,,
4050.05,BLOCKED,INSPECTING,2,2,0,0,0,WORKING,FALSE,BLOCKED,TRUE,FALSE,BLOCKED,FALSE,FALSE,2.19,,0,,,,,
4052.24,BLOCKED,INSPECTING,1,2,0,0,0,WORKING,FALSE,BLOCKED,TRUE,FALSE,BLOCKED,FALSE,FALSE,0.01,,0,,,,,
4052.25,INSPECTING,INSPECTING,2,2,0,0,0,WORKING,FALSE,BLOCKED,TRUE,FALSE,BLOCKED,FALSE,FALSE,0,,0,,,,,
4056.18,BLOCKED,INSPECTING,2,2,0,0,0,WORKING,FALSE,BLOCKED,TRUE,FALSE,BLOCKED,FALSE,FALSE,2.1,,0,,,,,
4058.28,BLOCKED,INSPECTING,1,2,0,0,0,WORKING,FALSE,BLOCKED,TRUE,FALSE,BLOCKED,FALSE,FALSE,0.01,,0,,,,,
4058.29,INSPECTING,INSPECTING,2,2,0,0,0,WORKING,FALSE,BLOCKED,TRUE,FALSE,BLOCKED,FALSE,FALSE,0,,0,,,,,
4063.39,INSPECTING,INSPECTING,1,2,0,0,0,WORKING,FALSE,BLOCKED,TRUE,FALSE,BLOCKED,FALSE,FALSE,0,,0,,,,,
4063.71,INSPECTING,INSPECTING,1,2,0,0,0,WORKING,FALSE,WORKING,FALSE,FALSE,BLOCKED,FALSE,FALSE,0,,0,,,,,
4064.03,INSPECTING,INSPECTING,0,2,0,0,0,WORKING,FALSE,WORKING,FALSE,FALSE,BLOCKED,FALSE,FALSE,0,,0,,,,,
4064.37,INSPECTING,INSPECTING,0,2,1,0,0,WORKING,FALSE,WORKING,FALSE,FALSE,BLOCKED,FALSE,FALSE,0,,0,,,,,
4067.74,INSPECTING,INSPECTING,0,2,1,0,0,BLOCKED,FALSE,WORKING,FALSE,FALSE,BLOCKED,FALSE,FALSE,0,,0,,,,,
4068.38,INSPECTING,INSPECTING,0,1,0,0,0,BLOCKED,FALSE,WORKING,FALSE,FALSE,BLOCKED,FALSE,FALSE,0,,0,,,,,
4071.33,INSPECTING,INSPECTING,0,1,1,0,0,BLOCKED,FALSE,WORKING,FALSE,FALSE,BLOCKED,FALSE,FALSE,0,,0,,,,,
4074.1,INSPECTING,INSPECTING,0,0,0,0,0,BLOCKED,FALSE,WORKING,FALSE,FALSE,BLOCKED,FALSE,FALSE,0,,0,,,,,
4074.67,INSPECTING,INSPECTING,0,0,0,0,0,BLOCKED,FALSE,WORKING,FALSE,FALSE,BLOCKED,FALSE,TRUE,0,,0,,,,,
4074.85,INSPECTING,INSPECTING,0,0,1,0,0,BLOCKED,FALSE,WORKING,FALSE,FALSE,BLOCKED,FALSE,TRUE,0,,0,,,,,
4082.28,INSPECTING,INSPECTING,0,0,1,0,0,WORKING,FALSE,WORKING,FALSE,FALSE,WORKING,FALSE,FALSE,0,,0,,,,,
4083.07,INSPECTING,INSPECTING,0,0,1,0,0,WORKING,FALSE,WORKING,FALSE,FALSE,BLOCKED,FALSE,FALSE,0,,0,,,,,
4087.02,INSPECTING,INSPECTING,0,0,2,0,0,WORKING,FALSE,WORKING,FALSE,FALSE,BLOCKED,FALSE,FALSE,0,,0,,,,,
4087.73,INSPECTING,BLOCKED,0,0,2,0,0,WORKING,FALSE,WORKING,FALSE,FALSE,BLOCKED,FALSE,FALSE,0,,1.31,,,,,
4089.04,INSPECTING,BLOCKED,0,0,2,0,0,BLOCKED,FALSE,WORKING,FALSE,FALSE,BLOCKED,FALSE,FALSE,0,,3.23,,,,,
4092.27,INSPECTING,BLOCKED,0,1,2,0,0,WORKING,FALSE,WORKING,FALSE,FALSE,BLOCKED,FALSE,FALSE,0,,2.54,,,,,
4094.81,INSPECTING,BLOCKED,1,2,2,0,0,WORKING,FALSE,WORKING,FALSE,FALSE,BLOCKED,FALSE,FALSE,0,,5.73,,,,,
4100.54,INSPECTING,BLOCKED,0,2,2,0,0,WORKING,FALSE,WORKING,FALSE,FALSE,BLOCKED,FALSE,FALSE,0,,0.15,,,,,
4100.69,INSPECTING,BLOCKED,2,2,2,0,0,WORKING,FALSE,WORKING,FALSE,FALSE,BLOCKED,FALSE,FALSE,0,,4.42,,,,,
4105.11,BLOCKED,BLOCKED,2,2,2,0,0,WORKING,FALSE,WORKING,FALSE,FALSE,BLOCKED,FALSE,FALSE,1.55,,1.55,,,,,
4106.66,BLOCKED,BLOCKED,1,2,2,0,0,WORKING,FALSE,WORKING,FALSE,FALSE,BLOCKED,FALSE,FALSE,0.01,,0.01,,,,,
4106.67,INSPECTING,BLOCKED,2,2,2,0,0,WORKING,FALSE,WORKING,FALSE,FALSE,BLOCKED,FALSE,FALSE,0,,1.09,,,,,
4107.76,INSPECTING,BLOCKED,1,2,2,0,0,WORKING,FALSE,WORKING,FALSE,FALSE,BLOCKED,FALSE,FALSE,0,,3.83,,,,,
4111.59,INSPECTING,BLOCKED,0,2,2,0,0,WORKING,FALSE,WORKING,FALSE,FALSE,BLOCKED,FALSE,FALSE,0,,7.72,,,,,
4119.31,INSPECTING,BLOCKED,0,2,2,0,0,BLOCKED,FALSE,WORKING,FALSE,FALSE,BLOCKED,FALSE,FALSE,0,,11.31,,,,,
4130.62,INSPECTING,BLOCKED,1,2,2,0,0,WORKING,FALSE,WORKING,FALSE,FALSE,BLOCKED,FALSE,FALSE,0,,5.36,,,,,
4135.98,INSPECTING,BLOCKED,0,2,2,0,0,WORKING,FALSE,WORKING,FALSE,FALSE,BLOCKED,FALSE,FALSE,0,,0.09,,,,,
4136.07,INSPECTING,BLOCKED,2,2,2,0,0,WORKING,FALSE,WORKING,FALSE,FALSE,BLOCKED,FALSE,FALSE,0,,1.03,,,,,
4137.1,INSPECTING,BLOCKED,1,2,2,0,0,WORKING,FALSE,WORKING,FALSE,FALSE,BLOCKED,FALSE,FALSE,0,,0.2,,,,,
4137.3,INSPECTING,BLOCKED,0,2,2,0,0,WORKING,FALSE,WORKING,FALSE,FALSE,BLOCKED,FALSE,FALSE,0,,10.51,,,,,
4147.81,INSPECTING,BLOCKED,0,2,2,0,0,BLOCKED,FALSE,WORKING,FALSE,FALSE,BLOCKED,FALSE,FALSE,0,,6.98,,,,,
4154.79,INSPECTING,BLOCKED,0,1,1,0,0,BLOCKED,FALSE,WORKING,FALSE,FALSE,BLOCKED,FALSE,FALSE,0,,0.01,,,,,
4154.8,INSPECTING,INSPECTING,0,1,2,0,0,BLOCKED,FALSE,WORKING,FALSE,FALSE,BLOCKED,FALSE,FALSE,0,,0,,,,,
4160.64,INSPECTING,INSPECTING,0,1,2,0,0,WORKING,FALSE,WORKING,FALSE,FALSE,BLOCKED,TRUE,FALSE,0,,0,,,,,
4161.94,INSPECTING,INSPECTING,0,1,2,0,0,BLOCKED,FALSE,WORKING,FALSE,FALSE,BLOCKED,TRUE,FALSE,0,,0,,,,,
4162.01,INSPECTING,INSPECTING,0,1,2,1,0,WORKING,FALSE,WORKING,FALSE,FALSE,BLOCKED,TRUE,FALSE,0,,0,,,,,
4164.01,INSPECTING,INSPECTING,0,0,1,1,0,WORKING,FALSE,WORKING,FALSE,FALSE,BLOCKED,TRUE,FALSE,0,,0,,,,,
4166.93,INSPECTING,INSPECTING,0,0,0,1,0,WORKING,FALSE,BLOCKED,FALSE,TRUE,BLOCKED,TRUE,FALSE,0,,0,,,,,
4169.26,INSPECTING,INSPECTING,1,0,0,1,0,WORKING,FALSE,WORKING,FALSE,FALSE,BLOCKED,TRUE,FALSE,0,,0,,,,,
4169.39,INSPECTING,INSPECTING,0,0,0,1,0,WORKING,FALSE,WORKING,FALSE,FALSE,BLOCKED,TRUE,FALSE,0,,0,,,,,
4170.34,INSPECTING,INSPECTING,1,0,0,2,0,WORKING,FALSE,WORKING,FALSE,FALSE,BLOCKED,TRUE,FALSE,0,,0,,,,,
4171.17,INSPECTING,INSPECTING,0,0,0,2,0,WORKING,FALSE,WORKING,FALSE,FALSE,BLOCKED,TRUE,FALSE,0,,0,,,,,
4173.49,INSPECTING,INSPECTING,0,0,0,2,0,WORKING,FALSE,WORKING,FALSE,FALSE,WORKING,FALSE,FALSE,0,,0,,,,,
4174.91,INSPECTING,INSPECTING,1,1,0,2,0,WORKING,FALSE,WORKING,FALSE,FALSE,WORKING,FALSE,FALSE,0,,0,,,,,
4177.62,INSPECTING,INSPECTING,1,0,0,2,0,WORKING,FALSE,BLOCKED,TRUE,FALSE,WORKING,FALSE,FALSE,0,,0,,,,,
4178.71,INSPECTING,INSPECTING,1,0,0,1,0,WORKING,FALSE,BLOCKED,TRUE,FALSE,BLOCKED,TRUE,FALSE,0,,0,,,,,
4181.83,INSPECTING,INSPECTING,2,1,0,1,0,WORKING,FALSE,BLOCKED,TRUE,FALSE,BLOCKED,TRUE,FALSE,0,,0,,,,,
4182,INSPECTING,INSPECTING,1,1,0,1,0,WORKING,FALSE,BLOCKED,TRUE,FALSE,BLOCKED,TRUE,FALSE,0,,0,,,,,
4182.56,INSPECTING,INSPECTING,1,1,0,1,0,WORKING,FALSE,WORKING,FALSE,FALSE,BLOCKED,TRUE,FALSE,0,,0,,,,,
4184.11,INSPECTING,INSPECTING,0,1,0,1,0,WORKING,FALSE,WORKING,FALSE,FALSE,BLOCKED,TRUE,FALSE,0,,0,,,,,
4184.67,INSPECTING,INSPECTING,1,2,0,1,0,WORKING,FALSE,WORKING,FALSE,FALSE,BLOCKED,TRUE,FALSE,0,,0,,,,,
4184.81,INSPECTING,INSPECTING,0,2,0,1,0,WORKING,FALSE,WORKING,FALSE,FALSE,BLOCKED,TRUE,FALSE,0,,0,,,,,
4189.18,INSPECTING,INSPECTING,0,1,0,1,0,WORKING,FALSE,BLOCKED,TRUE,FALSE,BLOCKED,TRUE,FALSE,0,,0,,,,,
4189.3,INSPECTING,INSPECTING,1,2,0,1,0,WORKING,FALSE,BLOCKED,TRUE,FALSE,BLOCKED,TRUE,FALSE,0,,0,,,,,
4190.92,INSPECTING,INSPECTING,0,2,0,1,0,WORKING,FALSE,BLOCKED,TRUE,FALSE,BLOCKED,TRUE,FALSE,0,,0,,,,,
4194.37,INSPECTING,INSPECTING,2,2,0,1,0,WORKING,FALSE,BLOCKED,TRUE,FALSE,BLOCKED,TRUE,FALSE,0,,0,,,,,
4194.93,BLOCKED,INSPECTING,2,2,0,1,0,WORKING,FALSE,BLOCKED,TRUE,FALSE,BLOCKED,TRUE,FALSE,8.9,,0,,,,,
4203.83,BLOCKED,INSPECTING,1,2,0,1,0,WORKING,FALSE,BLOCKED,TRUE,FALSE,BLOCKED,TRUE,FALSE,0.01,,0,,,,,
4203.84,INSPECTING,INSPECTING,2,2,0,1,0,WORKING,FALSE,BLOCKED,TRUE,FALSE,BLOCKED,TRUE,FALSE,0,,0,,,,,
4204.27,INSPECTING,INSPECTING,1,2,0,1,0,WORKING,FALSE,BLOCKED,TRUE,FALSE,BLOCKED,TRUE,FALSE,0,,0,,,,,
4204.73,INSPECTING,INSPECTING,1,2,0,1,0,WORKING,FALSE,WORKING,FALSE,FALSE,BLOCKED,TRUE,FALSE,0,,0,,,,,
4209.1,INSPECTING,INSPECTING,2,2,0,1,0,WORKING,FALSE,WORKING,FALSE,FALSE,BLOCKED,TRUE,FALSE,0,,0,,,,,
4210.32,BLOCKED,INSPECTING,2,2,0,1,0,WORKING,FALSE,WORKING,FALSE,FALSE,BLOCKED,TRUE,FALSE,1.44,,0,,,,,
4211.76,BLOCKED,INSPECTING,2,1,0,1,0,WORKING,FALSE,BLOCKED,TRUE,FALSE,BLOCKED,TRUE,FALSE,0.01,,0,,,,,
4211.77,INSPECTING,INSPECTING,2,2,0,1,0,WORKING,FALSE,BLOCKED,TRUE,FALSE,BLOCKED,TRUE,FALSE,0,,0,,,,,
4215.79,INSPECTING,INSPECTING,2,2,0,1,0,WORKING,FALSE,WORKING,FALSE,FALSE,BLOCKED,TRUE,FALSE,0,,0,,,,,
4216.55,BLOCKED,INSPECTING,2,2,0,1,0,WORKING,FALSE,WORKING,FALSE,FALSE,BLOCKED,TRUE,FALSE,1.16,,0,,,,,
4217.71,BLOCKED,INSPECTING,2,2,1,1,0,WORKING,FALSE,WORKING,FALSE,FALSE,BLOCKED,TRUE,FALSE,4.05,,0,,,,,
4221.76,BLOCKED,INSPECTING,2,2,2,1,0,WORKING,FALSE,WORKING,FALSE,FALSE,BLOCKED,TRUE,FALSE,0.01,,0,,,,,
4221.77,INSPECTING,INSPECTING,2,2,2,2,0,WORKING,FALSE,WORKING,FALSE,FALSE,BLOCKED,TRUE,FALSE,0,,0,,,,,
4222.53,INSPECTING,INSPECTING,2,1,1,2,0,WORKING,FALSE,WORKING,FALSE,FALSE,BLOCKED,TRUE,FALSE,0,,0,,,,,
4229.21,INSPECTING,INSPECTING,2,0,0,2,0,WORKING,FALSE,WORKING,FALSE,FALSE,BLOCKED,TRUE,FALSE,0,,0,,,,,
4231.25,INSPECTING,INSPECTING,2,0,0,2,0,WORKING,FALSE,BLOCKED,FALSE,FALSE,BLOCKED,TRUE,FALSE,0,,0,,,,,
4231.38,INSPECTING,INSPECTING,1,0,0,2,0,WORKING,FALSE,BLOCKED,FALSE,FALSE,BLOCKED,TRUE,FALSE,0,,0,,,,,
4231.75,INSPECTING,INSPECTING,2,0,0,2,0,WORKING,FALSE,BLOCKED,FALSE,FALSE,BLOCKED,TRUE,FALSE,0,,0,,,,,
4232.39,BLOCKED,INSPECTING,2,0,0,2,0,WORKING,FALSE,BLOCKED,FALSE,FALSE,BLOCKED,TRUE,FALSE,2.47,,0,,,,,
4234.86,BLOCKED,INSPECTING,1,0,0,2,0,WORKING,FALSE,BLOCKED,FALSE,FALSE,BLOCKED,TRUE,FALSE,0.01,,0,,,,,
4234.87,INSPECTING,INSPECTING,2,0,0,2,0,WORKING,FALSE,BLOCKED,FALSE,FALSE,BLOCKED,TRUE,FALSE,0,,0,,,,,
4235.24,INSPECTING,INSPECTING,1,0,0,2,0,WORKING,FALSE,BLOCKED,FALSE,FALSE,BLOCKED,TRUE,FALSE,0,,0,,,,,
4237.49,INSPECTING,INSPECTING,0,0,0,2,0,WORKING,FALSE,BLOCKED,FALSE,FALSE,BLOCKED,TRUE,FALSE,0,,0,,,,,
4237.68,INSPECTING,INSPECTING,0,0,0,2,0,WORKING,FALSE,BLOCKED,FALSE,FALSE,WORKING,FALSE,FALSE,0,,0,,,,,
4239.61,INSPECTING,INSPECTING,0,0,0,2,0,WORKING,FALSE,BLOCKED,FALSE,TRUE,WORKING,FALSE,FALSE,0,,0,,,,,
4240.03,INSPECTING,INSPECTING,0,0,0,1,0,WORKING,FALSE,BLOCKED,FALSE,TRUE,BLOCKED,TRUE,FALSE,0,,0,,,,,
4242.85,INSPECTING,INSPECTING,1,0,0,1,0,WORKING,FALSE,WORKING,FALSE,FALSE,BLOCKED,TRUE,FALSE,0,,0,,,,,
4245.49,INSPECTING,INSPECTING,0,0,0,1,0,WORKING,FALSE,WORKING,FALSE,FALSE,BLOCKED,TRUE,FALSE,0,,0,,,,,
4245.83,INSPECTING,INSPECTING,0,0,0,1,0,BLOCKED,FALSE,WORKING,FALSE,FALSE,BLOCKED,TRUE,FALSE,0,,0,,,,,
4250.95,INSPECTING,INSPECTING,0,0,0,1,0,BLOCKED,FALSE,BLOCKED,FALSE,FALSE,BLOCKED,TRUE,FALSE,0,,0,,,,,
4260.8,INSPECTING,INSPECTING,0,0,0,1,0,BLOCKED,FALSE,BLOCKED,FALSE,FALSE,WORKING,FALSE,FALSE,0,,0,,,,,
4261.88,INSPECTING,INSPECTING,0,0,0,0,0,BLOCKED,FALSE,BLOCKED,FALSE,FALSE,BLOCKED,TRUE,FALSE,0,,0,,,,,
4266.03,INSPECTING,INSPECTING,0,0,0,1,0,WORKING,FALSE,BLOCKED,FALSE,FALSE,BLOCKED,TRUE,FALSE,0,,0,,,,,
4269.57,INSPECTING,INSPECTING,0,0,0,1,0,WORKING,FALSE,BLOCKED,FALSE,FALSE,WORKING,FALSE,FALSE,0,,0,,,,,
4272.74,INSPECTING,INSPECTING,0,0,0,1,0,BLOCKED,FALSE,BLOCKED,FALSE,FALSE,WORKING,FALSE,FALSE,0,,0,,,,,
4275.08,INSPECTING,INSPECTING,0,0,0,1,1,BLOCKED,FALSE,BLOCKED,FALSE,FALSE,WORKING,FALSE,FALSE,0,,0,,,,,
4275.82,INSPECTING,INSPECTING,0,0,0,2,1,WORKING,FALSE,BLOCKED,FALSE,FALSE,WORKING,FALSE,FALSE,0,,0,,,,,
4276.29,INSPECTING,INSPECTING,0,0,0,1,0,WORKING,FALSE,BLOCKED,FALSE,FALSE,WORKING,FALSE,FALSE,0,,0,,,,,
4278.69,INSPECTING,INSPECTING,0,0,0,1,0,BLOCKED,FALSE,BLOCKED,FALSE,FALSE,WORKING,FALSE,FALSE,0,,0,,,,,
4281.32,INSPECTING,INSPECTING,0,0,0,0,0,BLOCKED,FALSE,BLOCKED,FALSE,FALSE,BLOCKED,TRUE,FALSE,0,,0,,,,,
4291.65,INSPECTING,INSPECTING,0,0,0,1,0,WORKING,FALSE,BLOCKED,FALSE,FALSE,BLOCKED,TRUE,FALSE,0,,0,,,,,
4294.07,INSPECTING,INSPECTING,0,0,0,1,0,BLOCKED,FALSE,BLOCKED,FALSE,FALSE,BLOCKED,TRUE,FALSE,0,,0,,,,,
4296.36,INSPECTING,INSPECTING,0,0,0,1,0,BLOCKED,FALSE,BLOCKED,FALSE,FALSE,WORKING,FALSE,FALSE,0,,0,,,,,
4298.3,INSPECTING,INSPECTING,0,0,0,1,0,WORKING,FALSE,BLOCKED,TRUE,FALSE,WORKING,FALSE,FALSE,0,,0,,,,,
4299.13,INSPECTING,INSPECTING,0,0,0,1,0,BLOCKED,FALSE,BLOCKED,TRUE,FALSE,WORKING,FALSE,FALSE,0,,0,,,,,
4304.47,INSPECTING,INSPECTING,0,1,0,1,0,WORKING,FALSE,BLOCKED,TRUE,FALSE,WORKING,FALSE,FALSE,0,,0,,,,,
4307.71,INSPECTING,INSPECTING,0,1,0,1,0,BLOCKED,FALSE,BLOCKED,TRUE,FALSE,WORKING,FALSE,FALSE,0,,0,,,,,
4311.86,INSPECTING,INSPECTING,0,1,0,0,0,BLOCKED,FALSE,BLOCKED,TRUE,FALSE,BLOCKED,TRUE,FALSE,0,,0,,,,,
4321.27,INSPECTING,INSPECTING,0,2,0,0,0,WORKING,FALSE,BLOCKED,TRUE,FALSE,BLOCKED,TRUE,FALSE,0,,0,,,,,
4325.51,INSPECTING,INSPECTING,2,2,0,0,0,WORKING,FALSE,BLOCKED,TRUE,FALSE,BLOCKED,TRUE,FALSE,0,,0,,,,,
4332.63,INSPECTING,INSPECTING,1,2,0,0,0,WORKING,FALSE,BLOCKED,TRUE,FALSE,BLOCKED,TRUE,FALSE,0,,0,,,,,
4332.96,INSPECTING,INSPECTING,1,2,0,0,0,WORKING,FALSE,WORKING,FALSE,FALSE,BLOCKED,TRUE,FALSE,0,,0,,,,,
4333.89,INSPECTING,INSPECTING,1,1,0,0,0,WORKING,FALSE,BLOCKED,TRUE,FALSE,BLOCKED,TRUE,FALSE,0,,0,,,,,
4338.62,INSPECTING,INSPECTING,0,1,0,0,0,WORKING,FALSE,BLOCKED,TRUE,FALSE,BLOCKED,TRUE,FALSE,0,,0,,,,,
4342.72,INSPECTING,INSPECTING,0,1,0,0,0,BLOCKED,FALSE,BLOCKED,TRUE,FALSE,BLOCKED,TRUE,FALSE,0,,0,,,,,
4349.18,INSPECTING,INSPECTING,0,1,0,0,0,BLOCKED,FALSE,WORKING,FALSE,FALSE,BLOCKED,TRUE,FALSE,0,,0,,,,,
4351.84,INSPECTING,INSPECTING,0,0,0,0,0,BLOCKED,FALSE,BLOCKED,TRUE,FALSE,BLOCKED,TRUE,FALSE,0,,0,,,,,
4351.99,INSPECTING,INSPECTING,0,0,0,0,0,BLOCKED,FALSE,BLOCKED,TRUE,FALSE,WORKING,FALSE,FALSE,0,,0,,,,,
4352.67,INSPECTING,INSPECTING,0,1,0,0,0,WORKING,FALSE,BLOCKED,TRUE,FALSE,WORKING,FALSE,FALSE,0,,0,,,,,
4355.8,INSPECTING,INSPECTING,0,1,0,0,0,WORKING,FALSE,BLOCKED,TRUE,FALSE,BLOCKED,FALSE,FALSE,0,,0,,,,,
4357.86,INSPECTING,INSPECTING,0,1,0,0,0,BLOCKED,FALSE,BLOCKED,TRUE,FALSE,BLOCKED,FALSE,FALSE,0,,0,,,,,
4360.38,INSPECTING,INSPECTING,0,2,0,0,0,WORKING,FALSE,BLOCKED,TRUE,FALSE,BLOCKED,FALSE,FALSE,0,,0,,,,,
4363.56,INSPECTING,INSPECTING,0,2,0,0,0,BLOCKED,FALSE,BLOCKED,TRUE,FALSE,BLOCKED,FALSE,FALSE,0,,0,,,,,
4364.31,INSPECTING,INSPECTING,1,2,0,0,0,WORKING,FALSE,BLOCKED,TRUE,FALSE,BLOCKED,FALSE,FALSE,0,,0,,,,,
4365.33,INSPECTING,INSPECTING,2,2,0,0,0,WORKING,FALSE,BLOCKED,TRUE,FALSE,BLOCKED,FALSE,FALSE,0,,0,,,,,
4365.92,INSPECTING,INSPECTING,1,2,0,0,0,WORKING,FALSE,BLOCKED,TRUE,FALSE,BLOCKED,FALSE,FALSE,0,,0,,,,,
4366.27,INSPECTING,INSPECTING,1,2,0,0,0,WORKING,FALSE,WORKING,FALSE,FALSE,BLOCKED,FALSE,FALSE,0,,0,,,,,
4367.41,INSPECTING,INSPECTING,2,2,0,0,0,WORKING,FALSE,WORKING,FALSE,FALSE,BLOCKED,TRUE,FALSE,0,,0,,,,,
4373.58,INSPECTING,INSPECTING,2,2,0,1,0,WORKING,FALSE,WORKING,FALSE,FALSE,BLOCKED,TRUE,FALSE,0,,0,,,,,
4374.63,INSPECTING,INSPECTING,1,2,0,1,0,WORKING,FALSE,WORKING,FALSE,FALSE,BLOCKED,TRUE,FALSE,0,,0,,,,,
4375.43,INSPECTING,INSPECTING,0,2,0,1,0,WORKING,FALSE,WORKING,FALSE,FALSE,BLOCKED,TRUE,FALSE,0,,0,,,,,
4375.62,INSPECTING,INSPECTING,0,2,0,1,0,BLOCKED,FALSE,WORKING,FALSE,FALSE,BLOCKED,TRUE,FALSE,0,,0,,,,,
4377.92,INSPECTING,INSPECTING,0,2,0,2,0,WORKING,FALSE,WORKING,FALSE,FALSE,BLOCKED,TRUE,FALSE,0,,0,,,,,
4378.65,INSPECTING,INSPECTING,0,1,0,2,0,WORKING,FALSE,BLOCKED,TRUE,FALSE,BLOCKED,TRUE,FALSE,0,,0,,,,,
4382.95,INSPECTING,INSPECTING,0,1,0,2,0,BLOCKED,FALSE,BLOCKED,TRUE,FALSE,BLOCKED,TRUE,FALSE,0,,0,,,,,
4383.97,INSPECTING,INSPECTING,1,1,0,2,0,WORKING,FALSE,BLOCKED,TRUE,FALSE,BLOCKED,TRUE,FALSE,0,,0,,,,,
4384.99,INSPECTING,INSPECTING,0,1,0,2,0,WORKING,FALSE,BLOCKED,TRUE,FALSE,BLOCKED,TRUE,FALSE,0,,0,,,,,
4390.1,INSPECTING,INSPECTING,0,1,0,2,0,BLOCKED,FALSE,BLOCKED,TRUE,FALSE,BLOCKED,TRUE,FALSE,0,,0,,,,,
4395.88,INSPECTING,INSPECTING,1,1,0,2,0,WORKING,FALSE,BLOCKED,TRUE,FALSE,BLOCKED,TRUE,FALSE,0,,0,,,,,
4396.18,INSPECTING,INSPECTING,0,1,0,2,0,WORKING,FALSE,BLOCKED,TRUE,FALSE,BLOCKED,TRUE,FALSE,0,,0,,,,,
4397.45,INSPECTING,INSPECTING,0,1,0,2,0,BLOCKED,FALSE,BLOCKED,TRUE,FALSE,BLOCKED,TRUE,FALSE,0,,0,,,,,
4397.97,INSPECTING,INSPECTING,1,1,0,2,0,WORKING,FALSE,BLOCKED,TRUE,FALSE,BLOCKED,TRUE,FALSE,0,,0,,,,,
4405.6,INSPECTING,INSPECTING,1,1,0,2,0,WORKING,FALSE,BLOCKED,TRUE,FALSE,WORKING,FALSE,FALSE,0,,0,,,,,
4406.24,INSPECTING,INSPECTING,0,1,0,2,0,WORKING,FALSE,BLOCKED,TRUE,FALSE,WORKING,FALSE,FALSE,0,,0,,,,,
4407.76,INSPECTING,INSPECTING,0,1,0,2,0,BLOCKED,FALSE,BLOCKED,TRUE,FALSE,WORKING,FALSE,FALSE,0,,0,,,,,
4409.4,INSPECTING,INSPECTING,0,1,0,2,1,BLOCKED,FALSE,BLOCKED,TRUE,FALSE,WORKING,FALSE,FALSE,0,,0,,,,,
4415.91,INSPECTING,INSPECTING,1,1,0,2,1,WORKING,FALSE,BLOCKED,TRUE,FALSE,WORKING,FALSE,FALSE,0,,0,,,,,
4417.73,INSPECTING,INSPECTING,0,1,0,2,1,WORKING,FALSE,BLOCKED,TRUE,FALSE,WORKING,FALSE,FALSE,0,,0,,,,,
4418.9,INSPECTING,INSPECTING,0,1,0,1,0,WORKING,FALSE,BLOCKED,TRUE,FALSE,WORKING,FALSE,FALSE,0,,0,,,,,
4419.72,INSPECTING,INSPECTING,0,1,0,1,0,BLOCKED,FALSE,BLOCKED,TRUE,FALSE,WORKING,FALSE,FALSE,0,,0,,,,,
4420.71,INSPECTING,INSPECTING,0,1,0,0,0,BLOCKED,FALSE,BLOCKED,TRUE,FALSE,BLOCKED,TRUE,FALSE,0,,0,,,,,
4427.24,INSPECTING,INSPECTING,0,1,0,1,0,WORKING,FALSE,BLOCKED,TRUE,FALSE,BLOCKED,TRUE,FALSE,0,,0,,,,,
4429.01,INSPECTING,INSPECTING,0,1,0,1,0,WORKING,FALSE,BLOCKED,TRUE,FALSE,WORKING,FALSE,FALSE,0,,0,,,,,
4437.16,INSPECTING,INSPECTING,0,1,0,0,0,WORKING,FALSE,BLOCKED,TRUE,FALSE,BLOCKED,TRUE,FALSE,0,,0,,,,,
4439.5,INSPECTING,INSPECTING,1,1,0,1,0,WORKING,FALSE,BLOCKED,TRUE,FALSE,BLOCKED,TRUE,FALSE,0,,0,,,,,
4447.34,INSPECTING,INSPECTING,0,1,0,1,0,WORKING,FALSE,BLOCKED,TRUE,FALSE,BLOCKED,TRUE,FALSE,0,,0,,,,,
4449.28,INSPECTING,INSPECTING,0,1,0,1,0,BLOCKED,FALSE,BLOCKED,TRUE,FALSE,BLOCKED,TRUE,FALSE,0,,0,,,,,
4469.02,INSPECTING,INSPECTING,0,1,0,1,0,BLOCKED,FALSE,BLOCKED,TRUE,FALSE,WORKING,FALSE,FALSE,0,,0,,,,,
4469.09,INSPECTING,INSPECTING,0,1,0,2,0,WORKING,FALSE,BLOCKED,TRUE,FALSE,WORKING,FALSE,FALSE,0,,0,,,,,
4476.72,INSPECTING,INSPECTING,0,1,0,2,0,BLOCKED,FALSE,BLOCKED,TRUE,FALSE,WORKING,FALSE,FALSE,0,,0,,,,,
4476.94,INSPECTING,INSPECTING,1,1,0,2,0,WORKING,FALSE,BLOCKED,TRUE,FALSE,WORKING,FALSE,FALSE,0,,0,,,,,
4477.02,INSPECTING,INSPECTING,1,1,0,1,0,WORKING,FALSE,BLOCKED,TRUE,FALSE,BLOCKED,TRUE,FALSE,0,,0,,,,,
4480.04,INSPECTING,INSPECTING,2,1,0,2,0,WORKING,FALSE,BLOCKED,TRUE,FALSE,BLOCKED,TRUE,FALSE,0,,0,,,,,
4484.35,INSPECTING,INSPECTING,1,1,0,2,0,WORKING,FALSE,BLOCKED,TRUE,FALSE,BLOCKED,TRUE,FALSE,0,,0,,,,,
4484.43,INSPECTING,INSPECTING,0,1,0,2,0,WORKING,FALSE,BLOCKED,TRUE,FALSE,BLOCKED,TRUE,FALSE,0,,0,,,,,
4486.38,INSPECTING,INSPECTING,0,1,0,2,0,BLOCKED,FALSE,BLOCKED,TRUE,FALSE,BLOCKED,TRUE,FALSE,0,,0,,,,,
4488.34,INSPECTING,INSPECTING,1,1,0,2,0,WORKING,FALSE,BLOCKED,TRUE,FALSE,BLOCKED,TRUE,FALSE,0,,0,,,,,
4493.6,INSPECTING,INSPECTING,0,1,0,2,0,WORKING,FALSE,BLOCKED,TRUE,FALSE,BLOCKED,TRUE,FALSE,0,,0,,,,,
4495.65,INSPECTING,INSPECTING,2,1,0,2,0,WORKING,FALSE,BLOCKED,TRUE,FALSE,BLOCKED,TRUE,FALSE,0,,0,,,,,
4496.2,INSPECTING,INSPECTING,1,1,0,2,0,WORKING,FALSE,BLOCKED,TRUE,FALSE,BLOCKED,TRUE,FALSE,0,,0,,,,,
4498.01,INSPECTING,INSPECTING,0,1,0,2,0,WORKING,FALSE,BLOCKED,TRUE,FALSE,BLOCKED,TRUE,FALSE,0,,0,,,,,
4499.5,INSPECTING,INSPECTING,0,1,0,2,0,BLOCKED,FALSE,BLOCKED,TRUE,FALSE,BLOCKED,TRUE,FALSE,0,,0,,,,,
4503.1,INSPECTING,INSPECTING,0,1,0,2,0,BLOCKED,FALSE,BLOCKED,TRUE,FALSE,WORKING,FALSE,FALSE,0,,0,,,,,
4506.68,INSPECTING,INSPECTING,0,1,0,1,0,BLOCKED,FALSE,BLOCKED,TRUE,FALSE,BLOCKED,TRUE,FALSE,0,,0,,,,,
4508.59,INSPECTING,INSPECTING,0,1,0,1,0,BLOCKED,FALSE,BLOCKED,TRUE,FALSE,WORKING,FALSE,FALSE,0,,0,,,,,
4512.94,INSPECTING,INSPECTING,0,1,0,0,0,BLOCKED,FALSE,BLOCKED,TRUE,FALSE,BLOCKED,TRUE,FALSE,0,,0,,,,,
4517.86,INSPECTING,INSPECTING,0,1,0,1,0,WORKING,FALSE,BLOCKED,TRUE,FALSE,BLOCKED,TRUE,FALSE,0,,0,,,,,
4519.64,INSPECTING,INSPECTING,1,1,0,2,0,WORKING,FALSE,BLOCKED,TRUE,FALSE,BLOCKED,TRUE,FALSE,0,,0,,,,,
4526.23,INSPECTING,INSPECTING,0,1,0,2,0,WORKING,FALSE,BLOCKED,TRUE,FALSE,BLOCKED,TRUE,FALSE,0,,0,,,,,
4529.51,INSPECTING,INSPECTING,0,1,0,2,0,BLOCKED,FALSE,BLOCKED,TRUE,FALSE,BLOCKED,TRUE,FALSE,0,,0,,,,,
4532.86,INSPECTING,INSPECTING,1,1,0,2,0,WORKING,FALSE,BLOCKED,TRUE,FALSE,BLOCKED,TRUE,FALSE,0,,0,,,,,
4535.43,INSPECTING,INSPECTING,0,1,0,2,0,WORKING,FALSE,BLOCKED,TRUE,FALSE,BLOCKED,TRUE,FALSE,0,,0,,,,,
4539.48,INSPECTING,INSPECTING,2,1,0,2,0,WORKING,FALSE,BLOCKED,TRUE,FALSE,BLOCKED,TRUE,FALSE,0,,0,,,,,
4540.69,INSPECTING,INSPECTING,1,1,0,2,0,WORKING,FALSE,BLOCKED,TRUE,FALSE,BLOCKED,TRUE,FALSE,0,,0,,,,,
4542.4,INSPECTING,INSPECTING,0,1,0,2,0,WORKING,FALSE,BLOCKED,TRUE,FALSE,BLOCKED,TRUE,FALSE,0,,0,,,,,
4542.61,INSPECTING,INSPECTING,0,1,0,2,0,BLOCKED,FALSE,BLOCKED,TRUE,FALSE,BLOCKED,TRUE,FALSE,0,,0,,,,,
4545.53,INSPECTING,INSPECTING,0,1,0,2,0,BLOCKED,FALSE,BLOCKED,TRUE,FALSE,WORKING,FALSE,FALSE,0,,0,,,,,
4564.62,INSPECTING,INSPECTING,0,1,0,2,0,BLOCKED,FALSE,WORKING,FALSE,FALSE,WORKING,FALSE,FALSE,0,,0,,,,,
4568.49,INSPECTING,INSPECTING,0,0,0,2,0,BLOCKED,FALSE,BLOCKED,TRUE,FALSE,WORKING,FALSE,FALSE,0,,0,,,,,
4570.43,INSPECTING,INSPECTING,0,1,0,2,0,WORKING,FALSE,BLOCKED,TRUE,FALSE,WORKING,FALSE,FALSE,0,,0,,,,,
4571.63,INSPECTING,INSPECTING,0,1,0,1,0,WORKING,FALSE,BLOCKED,TRUE,FALSE,BLOCKED,TRUE,FALSE,0,,0,,,,,
4580.84,INSPECTING,INSPECTING,0,1,0,1,0,WORKING,FALSE,WORKING,FALSE,FALSE,BLOCKED,TRUE,FALSE,0,,0,,,,,
4581.32,INSPECTING,INSPECTING,1,2,0,1,0,WORKING,FALSE,WORKING,FALSE,FALSE,BLOCKED,TRUE,FALSE,0,,0,,,,,
4587.07,INSPECTING,INSPECTING,0,2,0,1,0,WORKING,FALSE,WORKING,FALSE,FALSE,BLOCKED,TRUE,FALSE,0,,0,,,,,
4587.27,INSPECTING,INSPECTING,0,2,0,1,0,BLOCKED,FALSE,WORKING,FALSE,FALSE,BLOCKED,TRUE,FALSE,0,,0,,,,,
4587.84,INSPECTING,INSPECTING,0,2,1,1,0,BLOCKED,FALSE,WORKING,FALSE,FALSE,BLOCKED,TRUE,FALSE,0,,0,,,,,
4592.76,INSPECTING,INSPECTING,0,2,1,1,0,BLOCKED,FALSE,WORKING,FALSE,FALSE,WORKING,FALSE,FALSE,0,,0,,,,,
4598.47,INSPECTING,INSPECTING,0,1,0,1,0,BLOCKED,FALSE,WORKING,FALSE,FALSE,WORKING,FALSE,FALSE,0,,0,,,,,
4600.34,INSPECTING,INSPECTING,0,0,0,1,0,BLOCKED,FALSE,BLOCKED,TRUE,FALSE,WORKING,FALSE,FALSE,0,,0,,,,,
4606.69,INSPECTING,INSPECTING,0,0,0,0,0,BLOCKED,FALSE,BLOCKED,TRUE,FALSE,BLOCKED,TRUE,FALSE,0,,0,,,,,
4607.86,INSPECTING,INSPECTING,0,0,0,0,0,BLOCKED,FALSE,WORKING,FALSE,FALSE,BLOCKED,TRUE,FALSE,0,,0,,,,,
4609.4,INSPECTING,INSPECTING,0,0,0,0,0,BLOCKED,FALSE,WORKING,FALSE,FALSE,WORKING,FALSE,FALSE,0,,0,,,,,
4611.14,INSPECTING,INSPECTING,0,0,0,0,0,BLOCKED,FALSE,WORKING,FALSE,FALSE,BLOCKED,FALSE,FALSE,0,,0,,,,,
4613.17,INSPECTING,INSPECTING,0,0,0,0,0,BLOCKED,FALSE,WORKING,FALSE,FALSE,BLOCKED,FALSE,TRUE,0,,0,,,,,
4616.47,INSPECTING,INSPECTING,0,0,0,0,0,BLOCKED,FALSE,BLOCKED,FALSE,FALSE,BLOCKED,FALSE,TRUE,0,,0,,,,,
4622.87,INSPECTING,INSPECTING,0,0,0,0,0,WORKING,FALSE,BLOCKED,FALSE,FALSE,WORKING,FALSE,FALSE,0,,0,,,,,
4624.73,INSPECTING,INSPECTING,0,0,0,0,0,WORKING,FALSE,BLOCKED,FALSE,FALSE,BLOCKED,FALSE,FALSE,0,,0,,,,,
4626.9,INSPECTING,INSPECTING,0,0,0,0,0,WORKING,FALSE,BLOCKED,FALSE,TRUE,BLOCKED,FALSE,FALSE,0,,0,,,,,
4632.48,INSPECTING,INSPECTING,1,0,0,0,0,WORKING,FALSE,WORKING,FALSE,FALSE,BLOCKED,FALSE,FALSE,0,,0,,,,,
4632.81,INSPECTING,INSPECTING,2,0,0,0,0,WORKING,FALSE,WORKING,FALSE,FALSE,BLOCKED,TRUE,FALSE,0,,0,,,,,
4633.75,INSPECTING,INSPECTING,2,0,0,0,0,WORKING,FALSE,BLOCKED,FALSE,FALSE,BLOCKED,TRUE,FALSE,0,,0,,,,,
4636.62,INSPECTING,INSPECTING,1,0,0,0,0,WORKING,FALSE,BLOCKED,FALSE,FALSE,BLOCKED,TRUE,FALSE,0,,0,,,,,
4636.94,INSPECTING,INSPECTING,0,0,0,0,0,WORKING,FALSE,BLOCKED,FALSE,FALSE,BLOCKED,TRUE,FALSE,0,,0,,,,,
4638.89,INSPECTING,INSPECTING,0,0,0,0,0,WORKING,FALSE,BLOCKED,FALSE,FALSE,WORKING,FALSE,FALSE,0,,0,,,,,
4641.07,INSPECTING,INSPECTING,0,0,0,0,0,BLOCKED,FALSE,BLOCKED,FALSE,FALSE,WORKING,FALSE,FALSE,0,,0,,,,,
4648.74,INSPECTING,INSPECTING,0,0,0,1,0,WORKING,FALSE,BLOCKED,FALSE,FALSE,WORKING,FALSE,FALSE,0,,0,,,,,
4653.21,INSPECTING,INSPECTING,1,0,0,2,0,WORKING,FALSE,BLOCKED,FALSE,FALSE,WORKING,FALSE,FALSE,0,,0,,,,,
4657.96,INSPECTING,INSPECTING,0,0,0,2,0,WORKING,FALSE,BLOCKED,FALSE,FALSE,WORKING,FALSE,FALSE,0,,0,,,,,
4660.97,INSPECTING,INSPECTING,0,0,0,2,0,BLOCKED,FALSE,BLOCKED,FALSE,FALSE,WORKING,FALSE,FALSE,0,,0,,,,,
4662.28,INSPECTING,INSPECTING,0,0,0,2,1,BLOCKED,FALSE,BLOCKED,FALSE,FALSE,WORKING,FALSE,FALSE,0,,0,,,,,
4665.09,INSPECTING,INSPECTING,1,0,0,2,1,WORKING,FALSE,BLOCKED,FALSE,FALSE,WORKING,FALSE,FALSE,0,,0,,,,,
4665.16,INSPECTING,INSPECTING,0,0,0,2,1,WORKING,FALSE,BLOCKED,FALSE,FALSE,WORKING,FALSE,FALSE,0,,0,,,,,
4666.41,INSPECTING,INSPECTING,0,0,0,2,2,WORKING,FALSE,BLOCKED,FALSE,FALSE,WORKING,FALSE,FALSE,0,,0,,,,,
4667.68,INSPECTING,INSPECTING,0,0,0,1,1,WORKING,FALSE,BLOCKED,FALSE,FALSE,WORKING,FALSE,FALSE,0,,0,,,,,
4668.99,INSPECTING,INSPECTING,0,0,0,1,1,BLOCKED,FALSE,BLOCKED,FALSE,FALSE,WORKING,FALSE,FALSE,0,,0,,,,,
4673.06,INSPECTING,INSPECTING,0,0,0,0,0,BLOCKED,FALSE,BLOCKED,FALSE,FALSE,WORKING,FALSE,FALSE,0,,0,,,,,
4677.32,INSPECTING,INSPECTING,0,0,0,0,0,BLOCKED,FALSE,BLOCKED,FALSE,FALSE,BLOCKED,FALSE,FALSE,0,,0,,,,,
4679.17,INSPECTING,INSPECTING,0,0,0,0,0,BLOCKED,FALSE,BLOCKED,FALSE,FALSE,BLOCKED,FALSE,TRUE,0,,0,,,,,
4685.53,INSPECTING,INSPECTING,0,0,0,0,0,WORKING,FALSE,BLOCKED,FALSE,FALSE,WORKING,FALSE,FALSE,0,,0,,,,,
4687.47,INSPECTING,INSPECTING,0,0,0,0,0,BLOCKED,FALSE,BLOCKED,FALSE,FALSE,WORKING,FALSE,FALSE,0,,0,,,,,
4687.72,INSPECTING,INSPECTING,0,0,0,0,0,WORKING,FALSE,BLOCKED,TRUE,FALSE,WORKING,FALSE,FALSE,0,,0,,,,,
4689.33,INSPECTING,INSPECTING,0,0,0,0,0,WORKING,FALSE,BLOCKED,TRUE,FALSE,BLOCKED,FALSE,FALSE,0,,0,,,,,
4689.45,INSPECTING,INSPECTING,0,0,0,0,0,BLOCKED,FALSE,BLOCKED,TRUE,FALSE,BLOCKED,FALSE,FALSE,0,,0,,,,,
4693,INSPECTING,INSPECTING,0,1,0,0,0,WORKING,FALSE,BLOCKED,TRUE,FALSE,BLOCKED,FALSE,FALSE,0,,0,,,,,
4701.9,INSPECTING,INSPECTING,1,2,0,0,0,WORKING,FALSE,BLOCKED,TRUE,FALSE,BLOCKED,FALSE,FALSE,0,,0,,,,,
4704.62,INSPECTING,INSPECTING,0,2,0,0,0,WORKING,FALSE,BLOCKED,TRUE,FALSE,BLOCKED,FALSE,FALSE,0,,0,,,,,
4705.33,INSPECTING,INSPECTING,0,2,0,0,0,BLOCKED,FALSE,BLOCKED,TRUE,FALSE,BLOCKED,FALSE,FALSE,0,,0,,,,,
4712.93,INSPECTING,INSPECTING,0,2,0,0,0,BLOCKED,FALSE,WORKING,FALSE,FALSE,BLOCKED,FALSE,FALSE,0,,0,,,,,
4713.98,INSPECTING,INSPECTING,0,2,0,0,0,WORKING,FALSE,WORKING,FALSE,FALSE,BLOCKED,TRUE,FALSE,0,,0,,,,,
4717.26,INSPECTING,INSPECTING,0,2,0,0,0,BLOCKED,FALSE,WORKING,FALSE,FALSE,BLOCKED,TRUE,FALSE,0,,0,,,,,
4720.34,INSPECTING,INSPECTING,0,2,0,0,0,BLOCKED,FALSE,WORKING,FALSE,FALSE,WORKING,FALSE,FALSE,0,,0,,,,,
4723.47,INSPECTING,INSPECTING,0,2,0,0,1,BLOCKED,FALSE,WORKING,FALSE,FALSE,WORKING,FALSE,FALSE,0,,0,,,,,
4725.48,INSPECTING,INSPECTING,1,2,0,0,1,WORKING,FALSE,WORKING,FALSE,FALSE,WORKING,FALSE,FALSE,0,,0,,,,,
4727.35,INSPECTING,INSPECTING,0,2,0,0,1,WORKING,FALSE,WORKING,FALSE,FALSE,WORKING,FALSE,FALSE,0,,0,,,,,
4728.53,INSPECTING,INSPECTING,0,2,0,0,1,BLOCKED,FALSE,WORKING,FALSE,FALSE,WORKING,FALSE,FALSE,0,,0,,,,,
4730.1,INSPECTING,INSPECTING,0,2,1,0,1,BLOCKED,FALSE,WORKING,FALSE,FALSE,WORKING,FALSE,FALSE,0,,0,,,,,
4734.24,INSPECTING,INSPECTING,1,2,1,0,1,WORKING,FALSE,WORKING,FALSE,FALSE,WORKING,FALSE,FALSE,0,,0,,,,,
4740.25,INSPECTING,INSPECTING,1,1,0,0,1,WORKING,FALSE,WORKING,FALSE,FALSE,WORKING,FALSE,FALSE,0,,0,,,,,
4741.54,INSPECTING,INSPECTING,2,2,0,0,1,WORKING,FALSE,WORKING,FALSE,FALSE,WORKING,FALSE,FALSE,0,,0,,,,,
4742.81,INSPECTING,INSPECTING,2,2,1,0,1,WORKING,FALSE,WORKING,FALSE,FALSE,WORKING,FALSE,FALSE,0,,0,,,,,
4743.66,INSPECTING,INSPECTING,2,2,1,0,0,WORKING,FALSE,WORKING,FALSE,FALSE,BLOCKED,FALSE,TRUE,0,,0,,,,,
4743.94,INSPECTING,INSPECTING,1,2,1,0,0,WORKING,FALSE,WORKING,FALSE,FALSE,BLOCKED,FALSE,TRUE,0,,0,,,,,
4745,INSPECTING,INSPECTING,0,2,1,0,0,WORKING,FALSE,WORKING,FALSE,FALSE,BLOCKED,FALSE,TRUE,0,,0,,,,,
4747.46,INSPECTING,INSPECTING,0,2,1,0,0,BLOCKED,FALSE,WORKING,FALSE,FALSE,BLOCKED,FALSE,TRUE,0,,0,,,,,
4751.8,INSPECTING,INSPECTING,0,2,2,0,0,BLOCKED,FALSE,WORKING,FALSE,FALSE,BLOCKED,FALSE,TRUE,0,,0,,,,,
4755.72,INSPECTING,INSPECTING,0,2,2,0,0,WORKING,FALSE,WORKING,FALSE,FALSE,WORKING,FALSE,FALSE,0,,0,,,,,
4757.29,INSPECTING,INSPECTING,0,2,2,0,0,WORKING,FALSE,WORKING,FALSE,FALSE,BLOCKED,FALSE,FALSE,0,,0,,,,,
4761.03,INSPECTING,INSPECTING,0,2,2,0,0,BLOCKED,FALSE,WORKING,FALSE,FALSE,BLOCKED,FALSE,FALSE,0,,0,,,,,
4761.93,INSPECTING,INSPECTING,0,1,1,0,0,BLOCKED,FALSE,WORKING,FALSE,FALSE,BLOCKED,FALSE,FALSE,0,,0,,,,,
4767.41,INSPECTING,INSPECTING,0,0,0,0,0,BLOCKED,FALSE,WORKING,FALSE,FALSE,BLOCKED,FALSE,FALSE,0,,0,,,,,
4767.53,INSPECTING,INSPECTING,0,0,0,0,0,BLOCKED,FALSE,BLOCKED,FALSE,FALSE,BLOCKED,FALSE,FALSE,0,,0,,,,,
4769.65,INSPECTING,INSPECTING,0,0,0,0,0,WORKING,FALSE,BLOCKED,FALSE,FALSE,BLOCKED,TRUE,FALSE,0,,0,,,,,
4769.99,INSPECTING,INSPECTING,0,0,0,0,0,BLOCKED,FALSE,BLOCKED,FALSE,FALSE,BLOCKED,TRUE,FALSE,0,,0,,,,,
4772.11,INSPECTING,INSPECTING,0,0,0,0,0,BLOCKED,FALSE,BLOCKED,FALSE,FALSE,WORKING,FALSE,FALSE,0,,0,,,,,
4774.66,INSPECTING,INSPECTING,0,0,0,0,1,BLOCKED,FALSE,BLOCKED,FALSE,FALSE,WORKING,FALSE,FALSE,0,,0,,,,,
4778.51,INSPECTING,INSPECTING,0,0,0,0,2,BLOCKED,FALSE,BLOCKED,FALSE,FALSE,WORKING,FALSE,FALSE,0,,0,,,,,
4783.79,INSPECTING,INSPECTING,0,0,0,0,1,BLOCKED,FALSE,BLOCKED,FALSE,FALSE,BLOCKED,FALSE,TRUE,0,,0,,,,,
4791.12,INSPECTING,INSPECTING,0,0,0,0,1,BLOCKED,FALSE,BLOCKED,FALSE,TRUE,BLOCKED,FALSE,TRUE,0,,0,,,,,
4804.06,INSPECTING,INSPECTING,0,0,1,0,1,BLOCKED,FALSE,BLOCKED,FALSE,TRUE,BLOCKED,FALSE,TRUE,0,,0,,,,,
4805.76,INSPECTING,INSPECTING,0,0,1,0,1,WORKING,FALSE,WORKING,FALSE,FALSE,BLOCKED,FALSE,TRUE,0,,0,,,,,
4807.07,INSPECTING,INSPECTING,0,0,1,0,1,BLOCKED,FALSE,WORKING,FALSE,FALSE,BLOCKED,FALSE,TRUE,0,,0,,,,,
4816.05,INSPECTING,INSPECTING,0,0,1,0,1,WORKING,FALSE,WORKING,FALSE,FALSE,WORKING,FALSE,FALSE,0,,0,,,,,
4817.83,INSPECTING,INSPECTING,0,0,1,0,1,BLOCKED,FALSE,WORKING,FALSE,FALSE,WORKING,FALSE,FALSE,0,,0,,,,,
4819.4,INSPECTING,INSPECTING,0,0,1,0,2,BLOCKED,FALSE,WORKING,FALSE,FALSE,WORKING,FALSE,FALSE,0,,0,,,,,
4821.65,INSPECTING,INSPECTING,0,0,2,0,2,BLOCKED,FALSE,WORKING,FALSE,FALSE,WORKING,FALSE,FALSE,0,,0,,,,,
4824.95,INSPECTING,BLOCKED,0,0,2,0,2,BLOCKED,FALSE,WORKING,FALSE,FALSE,WORKING,FALSE,FALSE,0,,4.46,,,,,
4829.41,INSPECTING,BLOCKED,0,1,2,0,2,WORKING,FALSE,WORKING,FALSE,FALSE,WORKING,FALSE,FALSE,0,,1.44,,,,,
4830.85,INSPECTING,BLOCKED,0,1,2,0,1,WORKING,FALSE,WORKING,FALSE,FALSE,BLOCKED,FALSE,TRUE,0,,0.11,,,,,
4830.96,INSPECTING,BLOCKED,0,0,1,0,1,WORKING,FALSE,WORKING,FALSE,FALSE,BLOCKED,FALSE,TRUE,0,,0.01,,,,,
4830.97,INSPECTING,INSPECTING,0,0,2,0,1,WORKING,FALSE,WORKING,FALSE,FALSE,BLOCKED,FALSE,TRUE,0,,0,,,,,
4831.98,INSPECTING,INSPECTING,0,0,2,0,1,BLOCKED,FALSE,WORKING,FALSE,FALSE,BLOCKED,FALSE,TRUE,0,,0,,,,,
4840.96,INSPECTING,INSPECTING,0,0,2,0,2,BLOCKED,FALSE,WORKING,FALSE,FALSE,BLOCKED,FALSE,TRUE,0,,0,,,,,
4844.31,INSPECTING,BLOCKED,0,0,2,0,2,BLOCKED,FALSE,WORKING,FALSE,FALSE,BLOCKED,FALSE,TRUE,0,,1.41,,,,,
4845.72,INSPECTING,BLOCKED,0,0,1,0,2,BLOCKED,FALSE,BLOCKED,FALSE,TRUE,BLOCKED,FALSE,TRUE,0,,0.01,,,,,
4845.73,INSPECTING,INSPECTING,0,0,2,0,2,BLOCKED,FALSE,BLOCKED,FALSE,TRUE,BLOCKED,FALSE,TRUE,0,,0,,,,,
4858.02,INSPECTING,INSPECTING,0,0,2,0,2,WORKING,FALSE,WORKING,FALSE,FALSE,BLOCKED,FALSE,TRUE,0,,0,,,,,
4858.13,INSPECTING,INSPECTING,0,0,1,0,2,WORKING,FALSE,BLOCKED,FALSE,TRUE,BLOCKED,FALSE,TRUE,0,,0,,,,,
4866.98,INSPECTING,INSPECTING,0,0,2,0,2,WORKING,FALSE,BLOCKED,FALSE,TRUE,BLOCKED,FALSE,TRUE,0,,0,,,,,
4870.27,INSPECTING,BLOCKED,0,0,2,0,2,WORKING,FALSE,BLOCKED,FALSE,TRUE,BLOCKED,FALSE,TRUE,0,,1,,,,,
4871.27,INSPECTING,BLOCKED,0,0,2,0,2,BLOCKED,FALSE,BLOCKED,FALSE,TRUE,BLOCKED,FALSE,TRUE,0,,9.81,,,,,
4881.08,INSPECTING,BLOCKED,0,0,2,0,2,WORKING,FALSE,WORKING,FALSE,FALSE,BLOCKED,FALSE,TRUE,0,,2.16,,,,,
4883.24,INSPECTING,BLOCKED,1,0,2,0,2,WORKING,FALSE,WORKING,FALSE,FALSE,WORKING,FALSE,FALSE,0,,0.83,,,,,
4884.07,INSPECTING,BLOCKED,2,1,2,0,2,WORKING,FALSE,WORKING,FALSE,FALSE,WORKING,FALSE,FALSE,0,,0.05,,,,,
4884.12,INSPECTING,BLOCKED,2,2,2,0,2,WORKING,FALSE,WORKING,FALSE,FALSE,WORKING,FALSE,FALSE,0,,0.03,,,,,
4884.15,INSPECTING,BLOCKED,2,2,2,0,1,WORKING,FALSE,WORKING,FALSE,FALSE,BLOCKED,FALSE,TRUE,0,,2.95,,,,,
4887.1,INSPECTING,BLOCKED,1,2,2,0,1,WORKING,FALSE,WORKING,FALSE,FALSE,BLOCKED,FALSE,TRUE,0,,2.1,,,,,
4889.2,INSPECTING,BLOCKED,2,2,2,0,1,WORKING,FALSE,WORKING,FALSE,FALSE,WORKING,FALSE,FALSE,0,,0.83,,,,,
4890.03,INSPECTING,BLOCKED,1,2,2,0,1,WORKING,FALSE,WORKING,FALSE,FALSE,WORKING,FALSE,FALSE,0,,8.18,,,,,
4898.21,INSPECTING,BLOCKED,0,2,2,0,1,WORKING,FALSE,WORKING,FALSE,FALSE,WORKING,FALSE,FALSE,0,,0.93,,,,,
4899.14,INSPECTING,BLOCKED,0,2,2,0,0,WORKING,FALSE,WORKING,FALSE,FALSE,BLOCKED,FALSE,TRUE,0,,0.76,,,,,
4899.9,INSPECTING,BLOCKED,0,1,1,0,0,WORKING,FALSE,WORKING,FALSE,FALSE,BLOCKED,FALSE,TRUE,0,,0.01,,,,,
4899.91,INSPECTING,INSPECTING,0,1,2,0,0,WORKING,FALSE,WORKING,FALSE,FALSE,BLOCKED,FALSE,TRUE,0,,0,,,,,
4908.31,INSPECTING,INSPECTING,0,1,2,0,0,BLOCKED,FALSE,WORKING,FALSE,FALSE,BLOCKED,FALSE,TRUE,0,,0,,,,,
4908.67,INSPECTING,INSPECTING,0,1,2,0,0,WORKING,FALSE,WORKING,FALSE,FALSE,WORKING,FALSE,FALSE,0,,0,,,,,
4909.06,INSPECTING,INSPECTING,1,1,2,1,0,WORKING,FALSE,WORKING,FALSE,FALSE,WORKING,FALSE,FALSE,0,,0,,,,,
4911.12,INSPECTING,INSPECTING,0,1,2,1,0,WORKING,FALSE,WORKING,FALSE,FALSE,WORKING,FALSE,FALSE,0,,0,,,,,
4913.65,INSPECTING,INSPECTING,0,1,2,0,0,WORKING,FALSE,WORKING,FALSE,FALSE,BLOCKED,TRUE,FALSE,0,,0,,,,,
4914.95,INSPECTING,INSPECTING,0,0,1,0,0,WORKING,FALSE,WORKING,FALSE,FALSE,BLOCKED,TRUE,FALSE,0,,0,,,,,
4918.07,INSPECTING,INSPECTING,1,0,1,1,0,WORKING,FALSE,WORKING,FALSE,FALSE,BLOCKED,TRUE,FALSE,0,,0,,,,,
4918.82,INSPECTING,INSPECTING,0,0,1,1,0,WORKING,FALSE,WORKING,FALSE,FALSE,BLOCKED,TRUE,FALSE,0,,0,,,,,
4921.02,INSPECTING,INSPECTING,1,0,1,2,0,WORKING,FALSE,WORKING,FALSE,FALSE,BLOCKED,TRUE,FALSE,0,,0,,,,,
4921.44,INSPECTING,INSPECTING,1,0,0,2,0,WORKING,FALSE,BLOCKED,FALSE,TRUE,BLOCKED,TRUE,FALSE,0,,0,,,,,
4927.4,INSPECTING,INSPECTING,0,0,0,2,0,WORKING,FALSE,BLOCKED,FALSE,TRUE,BLOCKED,TRUE,FALSE,0,,0,,,,,
4927.5,INSPECTING,INSPECTING,0,0,0,2,0,BLOCKED,FALSE,BLOCKED,FALSE,TRUE,BLOCKED,TRUE,FALSE,0,,0,,,,,
4930.28,INSPECTING,INSPECTING,0,0,0,2,0,WORKING,FALSE,WORKING,FALSE,FALSE,BLOCKED,TRUE,FALSE,0,,0,,,,,
4931.54,INSPECTING,INSPECTING,2,0,0,2,0,WORKING,FALSE,WORKING,FALSE,FALSE,BLOCKED,TRUE,FALSE,0,,0,,,,,
4934.58,INSPECTING,INSPECTING,1,0,0,2,0,WORKING,FALSE,WORKING,FALSE,FALSE,BLOCKED,TRUE,FALSE,0,,0,,,,,
4936.54,INSPECTING,INSPECTING,2,0,0,2,0,WORKING,FALSE,WORKING,FALSE,FALSE,BLOCKED,TRUE,FALSE,0,,0,,,,,
4942.21,INSPECTING,INSPECTING,2,0,0,2,0,WORKING,FALSE,BLOCKED,FALSE,FALSE,BLOCKED,TRUE,FALSE,0,,0,,,,,
4948.92,INSPECTING,INSPECTING,1,0,0,2,0,WORKING,FALSE,BLOCKED,FALSE,FALSE,BLOCKED,TRUE,FALSE,0,,0,,,,,
4949.1,INSPECTING,INSPECTING,0,0,0,2,0,WORKING,FALSE,BLOCKED,FALSE,FALSE,BLOCKED,TRUE,FALSE,0,,0,,,,,
4950.51,INSPECTING,INSPECTING,2,0,0,2,0,WORKING,FALSE,BLOCKED,FALSE,FALSE,BLOCKED,TRUE,FALSE,0,,0,,,,,
4955.45,BLOCKED,INSPECTING,2,0,0,2,0,WORKING,FALSE,BLOCKED,FALSE,FALSE,BLOCKED,TRUE,FALSE,4.6,,0,,,,,
4960.05,BLOCKED,INSPECTING,1,0,0,2,0,WORKING,FALSE,BLOCKED,FALSE,FALSE,BLOCKED,TRUE,FALSE,0.01,,0,,,,,
4960.06,INSPECTING,INSPECTING,2,0,0,2,0,WORKING,FALSE,BLOCKED,FALSE,FALSE,BLOCKED,TRUE,FALSE,0,,0,,,,,
4961.4,INSPECTING,INSPECTING,1,0,0,2,0,WORKING,FALSE,BLOCKED,FALSE,FALSE,BLOCKED,TRUE,FALSE,0,,0,,,,,
4962.43,INSPECTING,INSPECTING,0,0,0,2,0,WORKING,FALSE,BLOCKED,FALSE,FALSE,BLOCKED,TRUE,FALSE,0,,0,,,,,
4963.62,INSPECTING,INSPECTING,2,0,0,2,0,WORKING,FALSE,BLOCKED,FALSE,FALSE,BLOCKED,TRUE,FALSE,0,,0,,,,,
4965,INSPECTING,INSPECTING,1,0,0,2,0,WORKING,FALSE,BLOCKED,FALSE,FALSE,BLOCKED,TRUE,FALSE,0,,0,,,,,
4965.08,INSPECTING,INSPECTING,0,0,0,2,0,WORKING,FALSE,BLOCKED,FALSE,FALSE,BLOCKED,TRUE,FALSE,0,,0,,,,,
4966.41,INSPECTING,INSPECTING,0,0,0,2,0,BLOCKED,FALSE,BLOCKED,FALSE,FALSE,BLOCKED,TRUE,FALSE,0,,0,,,,,
4985.28,INSPECTING,INSPECTING,1,0,0,2,0,WORKING,FALSE,BLOCKED,FALSE,FALSE,BLOCKED,TRUE,FALSE,0,,0,,,,,
4989.66,INSPECTING,INSPECTING,0,0,0,2,0,WORKING,FALSE,BLOCKED,FALSE,FALSE,BLOCKED,TRUE,FALSE,0,,0,,,,,
4991.16,INSPECTING,INSPECTING,0,0,0,2,0,BLOCKED,FALSE,BLOCKED,FALSE,FALSE,BLOCKED,TRUE,FALSE,0,,0,,,,,
4996.88,INSPECTING,INSPECTING,0,0,0,2,0,BLOCKED,FALSE,BLOCKED,FALSE,FALSE,WORKING,FALSE,FALSE,0,,0,,,,,
4997.4,INSPECTING,INSPECTING,1,0,0,2,0,WORKING,FALSE,BLOCKED,FALSE,FALSE,WORKING,FALSE,FALSE,0,,0,,,,,
5002.33,INSPECTING,INSPECTING,0,0,0,2,0,WORKING,FALSE,BLOCKED,FALSE,FALSE,WORKING,FALSE,FALSE,0,,0,,,,,
5004.99,INSPECTING,INSPECTING,0,0,0,2,0,BLOCKED,FALSE,BLOCKED,FALSE,FALSE,WORKING,FALSE,FALSE,0,,0,,,,,
5012.2,INSPECTING,INSPECTING,1,0,0,2,0,WORKING,FALSE,BLOCKED,FALSE,FALSE,WORKING,FALSE,FALSE,0,,0,,,,,
5013.53,INSPECTING,INSPECTING,0,0,0,2,0,WORKING,FALSE,BLOCKED,FALSE,FALSE,WORKING,FALSE,FALSE,0,,0,,,,,
5015.25,INSPECTING,INSPECTING,0,0,0,2,0,BLOCKED,FALSE,BLOCKED,FALSE,FALSE,WORKING,FALSE,FALSE,0,,0,,,,,
5026.55,INSPECTING,INSPECTING,1,0,0,2,0,WORKING,FALSE,BLOCKED,FALSE,FALSE,WORKING,FALSE,FALSE,0,,0,,,,,
5028.61,INSPECTING,INSPECTING,1,0,0,1,0,WORKING,FALSE,BLOCKED,FALSE,FALSE,BLOCKED,TRUE,FALSE,0,,0,,,,,
5030.52,INSPECTING,INSPECTING,2,0,0,2,0,WORKING,FALSE,BLOCKED,FALSE,FALSE,BLOCKED,TRUE,FALSE,0,,0,,,,,
5035.58,BLOCKED,INSPECTING,2,0,0,2,0,WORKING,FALSE,BLOCKED,FALSE,FALSE,BLOCKED,TRUE,FALSE,0.86,,0,,,,,
5036.44,BLOCKED,INSPECTING,1,0,0,2,0,WORKING,FALSE,BLOCKED,FALSE,FALSE,BLOCKED,TRUE,FALSE,0.01,,0,,,,,
5036.45,INSPECTING,INSPECTING,2,0,0,2,0,WORKING,FALSE,BLOCKED,FALSE,FALSE,BLOCKED,TRUE,FALSE,0,,0,,,,,
5036.82,BLOCKED,INSPECTING,2,0,0,2,0,WORKING,FALSE,BLOCKED,FALSE,FALSE,BLOCKED,TRUE,FALSE,1.4,,0,,,,,
5038.22,BLOCKED,INSPECTING,1,0,0,2,0,WORKING,FALSE,BLOCKED,FALSE,FALSE,BLOCKED,TRUE,FALSE,0.01,,0,,,,,
5038.23,INSPECTING,INSPECTING,2,0,0,2,0,WORKING,FALSE,BLOCKED,FALSE,FALSE,BLOCKED,TRUE,FALSE,0,,0,,,,,
5039.75,INSPECTING,INSPECTING,1,0,0,2,0,WORKING,FALSE,BLOCKED,FALSE,FALSE,BLOCKED,TRUE,FALSE,0,,0,,,,,
5041.74,INSPECTING,INSPECTING,0,0,0,2,0,WORKING,FALSE,BLOCKED,FALSE,FALSE,BLOCKED,TRUE,FALSE,0,,0,,,,,
5043.82,INSPECTING,INSPECTING,0,0,0,2,0,BLOCKED,FALSE,BLOCKED,FALSE,FALSE,BLOCKED,TRUE,FALSE,0,,0,,,,,
5049.13,INSPECTING,INSPECTING,1,0,0,2,0,WORKING,FALSE,BLOCKED,FALSE,FALSE,BLOCKED,TRUE,FALSE,0,,0,,,,,
5049.25,INSPECTING,INSPECTING,1,0,0,2,0,WORKING,FALSE,BLOCKED,FALSE,FALSE,WORKING,FALSE,FALSE,0,,0,,,,,
5049.57,INSPECTING,INSPECTING,0,0,0,2,0,WORKING,FALSE,BLOCKED,FALSE,FALSE,WORKING,FALSE,FALSE,0,,0,,,,,
5054.11,INSPECTING,INSPECTING,0,0,0,2,0,BLOCKED,FALSE,BLOCKED,FALSE,FALSE,WORKING,FALSE,FALSE,0,,0,,,,,
5056.87,INSPECTING,INSPECTING,0,0,0,2,1,BLOCKED,FALSE,BLOCKED,FALSE,FALSE,WORKING,FALSE,FALSE,0,,0,,,,,
5062.93,INSPECTING,INSPECTING,0,0,0,1,0,BLOCKED,FALSE,BLOCKED,FALSE,FALSE,WORKING,FALSE,FALSE,0,,0,,,,,
5069.14,INSPECTING,INSPECTING,0,0,0,0,0,BLOCKED,FALSE,BLOCKED,FALSE,FALSE,BLOCKED,TRUE,FALSE,0,,0,,,,,
5071.72,INSPECTING,INSPECTING,0,0,0,0,0,BLOCKED,FALSE,BLOCKED,FALSE,TRUE,BLOCKED,TRUE,FALSE,0,,0,,,,,
5082.83,INSPECTING,INSPECTING,0,0,0,0,0,WORKING,FALSE,WORKING,FALSE,FALSE,BLOCKED,TRUE,FALSE,0,,0,,,,,
5084,INSPECTING,INSPECTING,0,0,0,0,0,BLOCKED,FALSE,WORKING,FALSE,FALSE,BLOCKED,TRUE,FALSE,0,,0,,,,,
5089.41,INSPECTING,INSPECTING,0,0,0,0,0,BLOCKED,FALSE,BLOCKED,FALSE,FALSE,BLOCKED,TRUE,FALSE,0,,0,,,,,
5089.71,INSPECTING,INSPECTING,0,0,0,0,0,BLOCKED,FALSE,BLOCKED,FALSE,TRUE,BLOCKED,TRUE,FALSE,0,,0,,,,,
5091.63,INSPECTING,INSPECTING,0,0,0,0,0,WORKING,FALSE,WORKING,FALSE,FALSE,BLOCKED,TRUE,FALSE,0,,0,,,,,
5092.5,INSPECTING,INSPECTING,0,0,0,0,0,WORKING,FALSE,BLOCKED,FALSE,FALSE,BLOCKED,TRUE,FALSE,0,,0,,,,,
5095.87,INSPECTING,INSPECTING,1,0,0,1,0,WORKING,FALSE,BLOCKED,FALSE,FALSE,BLOCKED,TRUE,FALSE,0,,0,,,,,
5099.56,INSPECTING,INSPECTING,2,0,0,2,0,WORKING,FALSE,BLOCKED,FALSE,FALSE,BLOCKED,TRUE,FALSE,0,,0,,,,,
5100.17,BLOCKED,INSPECTING,2,0,0,2,0,WORKING,FALSE,BLOCKED,FALSE,FALSE,BLOCKED,TRUE,FALSE,6.76,,0,,,,,
5106.93,BLOCKED,INSPECTING,1,0,0,2,0,WORKING,FALSE,BLOCKED,FALSE,FALSE,BLOCKED,TRUE,FALSE,0.01,,0,,,,,
5106.94,INSPECTING,INSPECTING,2,0,0,2,0,WORKING,FALSE,BLOCKED,FALSE,FALSE,BLOCKED,TRUE,FALSE,0,,0,,,,,
5107.08,INSPECTING,INSPECTING,2,0,0,2,0,WORKING,FALSE,BLOCKED,FALSE,FALSE,WORKING,FALSE,FALSE,0,,0,,,,,
5108.65,INSPECTING,INSPECTING,1,0,0,2,0,WORKING,FALSE,BLOCKED,FALSE,FALSE,WORKING,FALSE,FALSE,0,,0,,,,,
5108.67,INSPECTING,INSPECTING,0,0,0,2,0,WORKING,FALSE,BLOCKED,FALSE,FALSE,WORKING,FALSE,FALSE,0,,0,,,,,
5116.69,INSPECTING,INSPECTING,0,0,0,2,0,WORKING,FALSE,BLOCKED,FALSE,TRUE,WORKING,FALSE,FALSE,0,,0,,,,,
5121.07,INSPECTING,INSPECTING,0,0,0,2,0,BLOCKED,FALSE,BLOCKED,FALSE,TRUE,WORKING,FALSE,FALSE,0,,0,,,,,
5137.74,INSPECTING,INSPECTING,0,0,1,2,0,BLOCKED,FALSE,BLOCKED,FALSE,TRUE,WORKING,FALSE,FALSE,0,,0,,,,,
5139.73,INSPECTING,INSPECTING,0,0,1,1,0,BLOCKED,FALSE,BLOCKED,FALSE,TRUE,BLOCKED,TRUE,FALSE,0,,0,,,,,
5151.03,INSPECTING,INSPECTING,0,0,2,1,0,BLOCKED,FALSE,BLOCKED,FALSE,TRUE,BLOCKED,TRUE,FALSE,0,,0,,,,,
5164.97,INSPECTING,INSPECTING,0,0,2,1,0,WORKING,FALSE,WORKING,FALSE,FALSE,BLOCKED,TRUE,FALSE,0,,0,,,,,
5165.78,INSPECTING,INSPECTING,0,0,2,1,0,BLOCKED,FALSE,WORKING,FALSE,FALSE,BLOCKED,TRUE,FALSE,0,,0,,,,,
5169.94,INSPECTING,INSPECTING,0,0,1,1,0,BLOCKED,FALSE,BLOCKED,FALSE,TRUE,BLOCKED,TRUE,FALSE,0,,0,,,,,
5190.27,INSPECTING,INSPECTING,0,0,1,1,0,WORKING,FALSE,WORKING,FALSE,FALSE,BLOCKED,TRUE,FALSE,0,,0,,,,,
5191.3,INSPECTING,INSPECTING,1,0,1,2,0,WORKING,FALSE,WORKING,FALSE,FALSE,BLOCKED,TRUE,FALSE,0,,0,,,,,
5196.2,INSPECTING,INSPECTING,2,0,1,2,0,WORKING,FALSE,WORKING,FALSE,FALSE,BLOCKED,TRUE,FALSE,0,,0,,,,,
5196.77,INSPECTING,INSPECTING,1,0,1,2,0,WORKING,FALSE,WORKING,FALSE,FALSE,BLOCKED,TRUE,FALSE,0,,0,,,,,
5197.74,INSPECTING,INSPECTING,1,0,0,2,0,WORKING,FALSE,BLOCKED,FALSE,TRUE,BLOCKED,TRUE,FALSE,0,,0,,,,,
5199.16,INSPECTING,INSPECTING,0,0,0,2,0,WORKING,FALSE,BLOCKED,FALSE,TRUE,BLOCKED,TRUE,FALSE,0,,0,,,,,
5199.33,INSPECTING,INSPECTING,0,0,0,2,0,BLOCKED,FALSE,BLOCKED,FALSE,TRUE,BLOCKED,TRUE,FALSE,0,,0,,,,,
5224.14,INSPECTING,INSPECTING,0,0,0,2,0,WORKING,FALSE,WORKING,FALSE,FALSE,BLOCKED,TRUE,FALSE,0,,0,,,,,
5225.18,INSPECTING,INSPECTING,0,0,0,2,0,BLOCKED,FALSE,WORKING,FALSE,FALSE,BLOCKED,TRUE,FALSE,0,,0,,,,,
5229.3,INSPECTING,INSPECTING,0,0,0,2,0,BLOCKED,FALSE,BLOCKED,FALSE,FALSE,BLOCKED,TRUE,FALSE,0,,0,,,,,
5244.97,INSPECTING,INSPECTING,1,0,0,2,0,WORKING,FALSE,BLOCKED,FALSE,FALSE,BLOCKED,TRUE,FALSE,0,,0,,,,,
5248.79,INSPECTING,INSPECTING,1,0,0,2,0,WORKING,FALSE,BLOCKED,FALSE,FALSE,WORKING,FALSE,FALSE,0,,0,,,,,
5253.7,INSPECTING,INSPECTING,2,0,0,2,0,WORKING,FALSE,BLOCKED,FALSE,FALSE,WORKING,FALSE,FALSE,0,,0,,,,,
5253.84,BLOCKED,INSPECTING,2,0,0,2,0,WORKING,FALSE,BLOCKED,FALSE,FALSE,WORKING,FALSE,FALSE,2.15,,0,,,,,
5255.99,BLOCKED,INSPECTING,1,0,0,2,0,WORKING,FALSE,BLOCKED,FALSE,FALSE,WORKING,FALSE,FALSE,0.01,,0,,,,,
5256,INSPECTING,INSPECTING,2,0,0,2,0,WORKING,FALSE,BLOCKED,FALSE,FALSE,WORKING,FALSE,FALSE,0,,0,,,,,
5256.86,INSPECTING,INSPECTING,2,0,0,1,0,WORKING,FALSE,BLOCKED,FALSE,FALSE,BLOCKED,TRUE,FALSE,0,,0,,,,,
5257.28,INSPECTING,INSPECTING,1,0,0,1,0,WORKING,FALSE,BLOCKED,FALSE,FALSE,BLOCKED,TRUE,FALSE,0,,0,,,,,
5260.85,INSPECTING,INSPECTING,0,0,0,1,0,WORKING,FALSE,BLOCKED,FALSE,FALSE,BLOCKED,TRUE,FALSE,0,,0,,,,,
5263.12,INSPECTING,INSPECTING,1,0,0,2,0,WORKING,FALSE,BLOCKED,FALSE,FALSE,BLOCKED,TRUE,FALSE,0,,0,,,,,
5264.08,INSPECTING,INSPECTING,0,0,0,2,0,WORKING,FALSE,BLOCKED,FALSE,FALSE,BLOCKED,TRUE,FALSE,0,,0,,,,,
5265.98,INSPECTING,INSPECTING,0,0,0,2,0,BLOCKED,FALSE,BLOCKED,FALSE,FALSE,BLOCKED,TRUE,FALSE,0,,0,,,,,
5282,INSPECTING,INSPECTING,1,0,0,2,0,WORKING,FALSE,BLOCKED,FALSE,FALSE,BLOCKED,TRUE,FALSE,0,,0,,,,,
5282.04,INSPECTING,INSPECTING,0,0,0,2,0,WORKING,FALSE,BLOCKED,FALSE,FALSE,BLOCKED,TRUE,FALSE,0,,0,,,,,
5284.45,INSPECTING,INSPECTING,0,0,0,2,0,WORKING,FALSE,BLOCKED,FALSE,FALSE,WORKING,FALSE,FALSE,0,,0,,,,,
5284.92,INSPECTING,INSPECTING,0,0,0,2,0,BLOCKED,FALSE,BLOCKED,FALSE,FALSE,WORKING,FALSE,FALSE,0,,0,,,,,
5292.29,INSPECTING,INSPECTING,0,0,0,2,1,BLOCKED,FALSE,BLOCKED,FALSE,FALSE,WORKING,FALSE,FALSE,0,,0,,,,,
5298.11,INSPECTING,INSPECTING,1,0,0,2,1,WORKING,FALSE,BLOCKED,FALSE,FALSE,WORKING,FALSE,FALSE,0,,0,,,,,
5299.93,INSPECTING,INSPECTING,1,0,0,1,0,WORKING,FALSE,BLOCKED,FALSE,FALSE,WORKING,FALSE,FALSE,0,,0,,,,,
5301.04,INSPECTING,INSPECTING,0,0,0,1,0,WORKING,FALSE,BLOCKED,FALSE,FALSE,WORKING,FALSE,FALSE,0,,0,,,,,
5305.58,INSPECTING,INSPECTING,0,0,0,1,1,WORKING,FALSE,BLOCKED,FALSE,FALSE,WORKING,FALSE,FALSE,0,,0,,,,,
5309.9,INSPECTING,INSPECTING,1,0,0,2,1,WORKING,FALSE,BLOCKED,FALSE,FALSE,WORKING,FALSE,FALSE,0,,0,,,,,
5310.05,INSPECTING,INSPECTING,1,0,0,1,0,WORKING,FALSE,BLOCKED,FALSE,FALSE,WORKING,FALSE,FALSE,0,,0,,,,,
5312.88,INSPECTING,INSPECTING,0,0,0,1,0,WORKING,FALSE,BLOCKED,FALSE,FALSE,WORKING,FALSE,FALSE,0,,0,,,,,
5318.16,INSPECTING,INSPECTING,0,0,0,1,0,BLOCKED,FALSE,BLOCKED,FALSE,FALSE,WORKING,FALSE,FALSE,0,,0,,,,,
5320.48,INSPECTING,INSPECTING,0,0,0,2,0,WORKING,FALSE,BLOCKED,FALSE,FALSE,WORKING,FALSE,FALSE,0,,0,,,,,
5327.02,INSPECTING,INSPECTING,0,0,0,1,0,WORKING,FALSE,BLOCKED,FALSE,FALSE,BLOCKED,TRUE,FALSE,0,,0,,,,,
5330.27,INSPECTING,INSPECTING,0,0,0,1,0,BLOCKED,FALSE,BLOCKED,FALSE,FALSE,BLOCKED,TRUE,FALSE,0,,0,,,,,
5330.59,INSPECTING,INSPECTING,0,0,0,2,0,WORKING,FALSE,BLOCKED,FALSE,FALSE,BLOCKED,TRUE,FALSE,0,,0,,,,,
5339.86,INSPECTING,INSPECTING,2,0,0,2,0,WORKING,FALSE,BLOCKED,FALSE,FALSE,BLOCKED,TRUE,FALSE,0,,0,,,,,
5340.68,BLOCKED,INSPECTING,2,0,0,2,0,WORKING,FALSE,BLOCKED,FALSE,FALSE,BLOCKED,TRUE,FALSE,10.41,,0,,,,,
5351.09,BLOCKED,INSPECTING,1,0,0,2,0,WORKING,FALSE,BLOCKED,FALSE,FALSE,BLOCKED,TRUE,FALSE,0.01,,0,,,,,
5351.1,INSPECTING,INSPECTING,2,0,0,2,0,WORKING,FALSE,BLOCKED,FALSE,FALSE,BLOCKED,TRUE,FALSE,0,,0,,,,,
5353.15,INSPECTING,INSPECTING,1,0,0,2,0,WORKING,FALSE,BLOCKED,FALSE,FALSE,BLOCKED,TRUE,FALSE,0,,0,,,,,
5354.89,INSPECTING,INSPECTING,0,0,0,2,0,WORKING,FALSE,BLOCKED,FALSE,FALSE,BLOCKED,TRUE,FALSE,0,,0,,,,,
5355.37,INSPECTING,INSPECTING,0,0,0,2,0,BLOCKED,FALSE,BLOCKED,FALSE,FALSE,BLOCKED,TRUE,FALSE,0,,0,,,,,
5358.05,INSPECTING,INSPECTING,0,0,0,2,0,BLOCKED,FALSE,BLOCKED,FALSE,FALSE,WORKING,FALSE,FALSE,0,,0,,,,,
5358.87,INSPECTING,INSPECTING,1,0,0,2,0,WORKING,FALSE,BLOCKED,FALSE,FALSE,WORKING,FALSE,FALSE,0,,0,,,,,
5359.66,INSPECTING,INSPECTING,0,0,0,2,0,WORKING,FALSE,BLOCKED,FALSE,FALSE,WORKING,FALSE,FALSE,0,,0,,,,,
5365.59,INSPECTING,INSPECTING,0,0,0,2,1,WORKING,FALSE,BLOCKED,FALSE,FALSE,WORKING,FALSE,FALSE,0,,0,,,,,
5367.26,INSPECTING,INSPECTING,0,0,0,2,2,WORKING,FALSE,BLOCKED,FALSE,FALSE,WORKING,FALSE,FALSE,0,,0,,,,,
5368.97,INSPECTING,INSPECTING,0,0,0,2,2,BLOCKED,FALSE,BLOCKED,FALSE,FALSE,WORKING,FALSE,FALSE,0,,0,,,,,
5369.64,INSPECTING,INSPECTING,0,0,0,1,1,BLOCKED,FALSE,BLOCKED,FALSE,FALSE,WORKING,FALSE,FALSE,0,,0,,,,,
5371.77,INSPECTING,INSPECTING,0,0,0,0,0,BLOCKED,FALSE,BLOCKED,FALSE,FALSE,WORKING,FALSE,FALSE,0,,0,,,,,
5376.35,INSPECTING,INSPECTING,0,0,0,0,0,BLOCKED,FALSE,BLOCKED,FALSE,FALSE,BLOCKED,FALSE,FALSE,0,,0,,,,,
5377.01,INSPECTING,INSPECTING,0,0,0,0,0,BLOCKED,FALSE,BLOCKED,FALSE,FALSE,BLOCKED,FALSE,TRUE,0,,0,,,,,
5395.39,INSPECTING,INSPECTING,0,0,0,0,0,WORKING,FALSE,BLOCKED,FALSE,FALSE,WORKING,FALSE,FALSE,0,,0,,,,,
5397.97,INSPECTING,INSPECTING,0,0,0,0,0,WORKING,FALSE,BLOCKED,FALSE,TRUE,WORKING,FALSE,FALSE,0,,0,,,,,
5400.61,INSPECTING,INSPECTING,0,0,0,0,1,WORKING,FALSE,BLOCKED,FALSE,TRUE,WORKING,FALSE,FALSE,0,,0,,,,,
5403.16,INSPECTING,INSPECTING,0,0,0,0,1,BLOCKED,FALSE,BLOCKED,FALSE,TRUE,WORKING,FALSE,FALSE,0,,0,,,,,
5407.37,INSPECTING,INSPECTING,0,0,0,0,0,BLOCKED,FALSE,BLOCKED,FALSE,TRUE,BLOCKED,FALSE,TRUE,0,,0,,,,,
5431.88,INSPECTING,INSPECTING,0,0,0,0,0,WORKING,FALSE,WORKING,FALSE,FALSE,BLOCKED,FALSE,TRUE,0,,0,,,,,
5432.13,INSPECTING,INSPECTING,0,0,0,0,0,BLOCKED,FALSE,WORKING,FALSE,FALSE,BLOCKED,FALSE,TRUE,0,,0,,,,,
5440.85,INSPECTING,INSPECTING,0,0,0,0,0,BLOCKED,FALSE,BLOCKED,FALSE,FALSE,BLOCKED,FALSE,TRUE,0,,0,,,,,
5448.82,INSPECTING,INSPECTING,0,0,0,0,0,WORKING,FALSE,BLOCKED,FALSE,FALSE,WORKING,FALSE,FALSE,0,,0,,,,,
5452.01,INSPECTING,INSPECTING,0,0,0,0,0,BLOCKED,FALSE,BLOCKED,FALSE,FALSE,WORKING,FALSE,FALSE,0,,0,,,,,
5457.98,INSPECTING,INSPECTING,0,0,0,1,0,WORKING,FALSE,BLOCKED,FALSE,FALSE,WORKING,FALSE,FALSE,0,,0,,,,,
5465.8,INSPECTING,INSPECTING,0,0,0,1,0,BLOCKED,FALSE,BLOCKED,FALSE,FALSE,WORKING,FALSE,FALSE,0,,0,,,,,
5474.43,INSPECTING,INSPECTING,0,0,0,0,0,BLOCKED,FALSE,BLOCKED,FALSE,FALSE,BLOCKED,TRUE,FALSE,0,,0,,,,,
5475.1,INSPECTING,INSPECTING,0,0,0,0,0,BLOCKED,FALSE,BLOCKED,FALSE,FALSE,WORKING,FALSE,FALSE,0,,0,,,,,
5477.49,INSPECTING,INSPECTING,0,0,0,0,0,BLOCKED,FALSE,BLOCKED,FALSE,FALSE,BLOCKED,FALSE,FALSE,0,,0,,,,,
5484.65,INSPECTING,INSPECTING,0,0,0,0,0,WORKING,FALSE,BLOCKED,TRUE,FALSE,BLOCKED,FALSE,FALSE,0,,0,,,,,
5484.91,INSPECTING,INSPECTING,1,1,0,0,0,WORKING,FALSE,BLOCKED,TRUE,FALSE,BLOCKED,FALSE,FALSE,0,,0,,,,,
5490.71,INSPECTING,INSPECTING,0,1,0,0,0,WORKING,FALSE,BLOCKED,TRUE,FALSE,BLOCKED,FALSE,FALSE,0,,0,,,,,
5493.22,INSPECTING,INSPECTING,0,1,0,0,0,BLOCKED,FALSE,BLOCKED,TRUE,FALSE,BLOCKED,FALSE,FALSE,0,,0,,,,,
5507.3,INSPECTING,INSPECTING,0,1,0,0,0,BLOCKED,FALSE,WORKING,FALSE,FALSE,BLOCKED,FALSE,FALSE,0,,0,,,,,
5513.43,INSPECTING,INSPECTING,0,2,0,0,0,WORKING,FALSE,WORKING,FALSE,FALSE,BLOCKED,FALSE,FALSE,0,,0,,,,,
5516.23,INSPECTING,INSPECTING,0,2,0,0,0,BLOCKED,FALSE,WORKING,FALSE,FALSE,BLOCKED,FALSE,FALSE,0,,0,,,,,
5517.3,INSPECTING,INSPECTING,1,2,0,0,0,WORKING,FALSE,WORKING,FALSE,FALSE,BLOCKED,FALSE,FALSE,0,,0,,,,,
5517.61,INSPECTING,INSPECTING,2,2,0,0,0,WORKING,FALSE,WORKING,FALSE,FALSE,BLOCKED,FALSE,FALSE,0,,0,,,,,
5518.15,INSPECTING,INSPECTING,2,2,1,0,0,WORKING,FALSE,WORKING,FALSE,FALSE,BLOCKED,FALSE,FALSE,0,,0,,,,,
5520.43,INSPECTING,INSPECTING,1,2,1,0,0,WORKING,FALSE,WORKING,FALSE,FALSE,BLOCKED,FALSE,FALSE,0,,0,,,,,
5525.01,INSPECTING,INSPECTING,0,2,1,0,0,WORKING,FALSE,WORKING,FALSE,FALSE,BLOCKED,FALSE,FALSE,0,,0,,,,,
5526.72,INSPECTING,INSPECTING,0,1,0,0,0,WORKING,FALSE,WORKING,FALSE,FALSE,BLOCKED,FALSE,FALSE,0,,0,,,,,
5531.16,INSPECTING,INSPECTING,0,0,0,0,0,WORKING,FALSE,BLOCKED,TRUE,FALSE,BLOCKED,FALSE,FALSE,0,,0,,,,,
5532.33,INSPECTING,INSPECTING,0,0,0,0,0,BLOCKED,FALSE,BLOCKED,TRUE,FALSE,BLOCKED,FALSE,FALSE,0,,0,,,,,
5534.61,INSPECTING,INSPECTING,0,0,0,0,0,WORKING,FALSE,BLOCKED,TRUE,FALSE,BLOCKED,TRUE,FALSE,0,,0,,,,,
5536.03,INSPECTING,INSPECTING,0,0,0,0,0,BLOCKED,FALSE,BLOCKED,TRUE,FALSE,BLOCKED,TRUE,FALSE,0,,0,,,,,
5545.15,INSPECTING,INSPECTING,0,0,0,1,0,WORKING,FALSE,BLOCKED,TRUE,FALSE,BLOCKED,TRUE,FALSE,0,,0,,,,,
5546.91,INSPECTING,INSPECTING,0,0,0,1,0,BLOCKED,FALSE,BLOCKED,TRUE,FALSE,BLOCKED,TRUE,FALSE,0,,0,,,,,
5559.87,INSPECTING,INSPECTING,0,0,0,2,0,WORKING,FALSE,BLOCKED,TRUE,FALSE,BLOCKED,TRUE,FALSE,0,,0,,,,,
5565.93,INSPECTING,INSPECTING,2,0,0,2,0,WORKING,FALSE,BLOCKED,TRUE,FALSE,BLOCKED,TRUE,FALSE,0,,0,,,,,
5567.38,INSPECTING,INSPECTING,1,0,0,2,0,WORKING,FALSE,BLOCKED,TRUE,FALSE,BLOCKED,TRUE,FALSE,0,,0,,,,,
5569.35,INSPECTING,INSPECTING,0,0,0,2,0,WORKING,FALSE,BLOCKED,TRUE,FALSE,BLOCKED,TRUE,FALSE,0,,0,,,,,
5572.84,INSPECTING,INSPECTING,2,0,0,2,0,WORKING,FALSE,BLOCKED,TRUE,FALSE,BLOCKED,TRUE,FALSE,0,,0,,,,,
5573.42,INSPECTING,INSPECTING,1,0,0,2,0,WORKING,FALSE,BLOCKED,TRUE,FALSE,BLOCKED,TRUE,FALSE,0,,0,,,,,
5573.64,INSPECTING,INSPECTING,2,0,0,2,0,WORKING,FALSE,BLOCKED,TRUE,FALSE,BLOCKED,TRUE,FALSE,0,,0,,,,,
5573.69,INSPECTING,INSPECTING,1,0,0,2,0,WORKING,FALSE,BLOCKED,TRUE,FALSE,BLOCKED,TRUE,FALSE,0,,0,,,,,
5579.24,INSPECTING,INSPECTING,2,0,0,2,0,WORKING,FALSE,BLOCKED,TRUE,FALSE,BLOCKED,TRUE,FALSE,0,,0,,,,,
5580.39,BLOCKED,INSPECTING,2,0,0,2,0,WORKING,FALSE,BLOCKED,TRUE,FALSE,BLOCKED,TRUE,FALSE,3.02,,0,,,,,
5583.41,BLOCKED,INSPECTING,2,0,0,2,0,WORKING,FALSE,BLOCKED,TRUE,FALSE,WORKING,FALSE,FALSE,1.48,,0,,,,,
5584.89,BLOCKED,INSPECTING,1,0,0,2,0,WORKING,FALSE,BLOCKED,TRUE,FALSE,WORKING,FALSE,FALSE,0.01,,0,,,,,
5584.9,INSPECTING,INSPECTING,2,0,0,2,0,WORKING,FALSE,BLOCKED,TRUE,FALSE,WORKING,FALSE,FALSE,0,,0,,,,,
5590.86,INSPECTING,INSPECTING,1,0,0,2,0,WORKING,FALSE,BLOCKED,TRUE,FALSE,WORKING,FALSE,FALSE,0,,0,,,,,
5591.28,INSPECTING,INSPECTING,0,0,0,2,0,WORKING,FALSE,BLOCKED,TRUE,FALSE,WORKING,FALSE,FALSE,0,,0,,,,,
5593.02,INSPECTING,INSPECTING,0,0,0,2,0,BLOCKED,FALSE,BLOCKED,TRUE,FALSE,WORKING,FALSE,FALSE,0,,0,,,,,
5594.4,INSPECTING,INSPECTING,0,0,0,1,0,BLOCKED,FALSE,BLOCKED,TRUE,FALSE,BLOCKED,TRUE,FALSE,0,,0,,,,,
5601.32,INSPECTING,INSPECTING,0,0,0,1,0,BLOCKED,FALSE,BLOCKED,TRUE,FALSE,WORKING,FALSE,FALSE,0,,0,,,,,
5607.23,INSPECTING,INSPECTING,0,0,0,0,0,BLOCKED,FALSE,BLOCKED,TRUE,FALSE,BLOCKED,TRUE,FALSE,0,,0,,,,,
5608.45,INSPECTING,INSPECTING,0,0,0,1,0,WORKING,FALSE,BLOCKED,TRUE,FALSE,BLOCKED,TRUE,FALSE,0,,0,,,,,
5610.86,INSPECTING,INSPECTING,0,0,0,1,0,BLOCKED,FALSE,BLOCKED,TRUE,FALSE,BLOCKED,TRUE,FALSE,0,,0,,,,,
5611.47,INSPECTING,INSPECTING,0,0,0,2,0,WORKING,FALSE,BLOCKED,TRUE,FALSE,BLOCKED,TRUE,FALSE,0,,0,,,,,
5611.51,INSPECTING,INSPECTING,0,0,0,2,0,BLOCKED,FALSE,BLOCKED,TRUE,FALSE,BLOCKED,TRUE,FALSE,0,,0,,,,,
5616.63,INSPECTING,INSPECTING,1,0,0,2,0,WORKING,FALSE,BLOCKED,TRUE,FALSE,BLOCKED,TRUE,FALSE,0,,0,,,,,
5619.41,INSPECTING,INSPECTING,0,0,0,2,0,WORKING,FALSE,BLOCKED,TRUE,FALSE,BLOCKED,TRUE,FALSE,0,,0,,,,,
5621.27,INSPECTING,INSPECTING,2,0,0,2,0,WORKING,FALSE,BLOCKED,TRUE,FALSE,BLOCKED,TRUE,FALSE,0,,0,,,,,
5622.93,INSPECTING,INSPECTING,1,0,0,2,0,WORKING,FALSE,BLOCKED,TRUE,FALSE,BLOCKED,TRUE,FALSE,0,,0,,,,,
5623.73,INSPECTING,INSPECTING,0,0,0,2,0,WORKING,FALSE,BLOCKED,TRUE,FALSE,BLOCKED,TRUE,FALSE,0,,0,,,,,
5633.86,INSPECTING,INSPECTING,0,0,0,2,0,BLOCKED,FALSE,BLOCKED,TRUE,FALSE,BLOCKED,TRUE,FALSE,0,,0,,,,,
5642.65,INSPECTING,INSPECTING,1,0,0,2,0,WORKING,FALSE,BLOCKED,TRUE,FALSE,BLOCKED,TRUE,FALSE,0,,0,,,,,
5645.52,INSPECTING,INSPECTING,2,0,0,2,0,WORKING,FALSE,BLOCKED,TRUE,FALSE,BLOCKED,TRUE,FALSE,0,,0,,,,,
5646.49,INSPECTING,INSPECTING,1,0,0,2,0,WORKING,FALSE,BLOCKED,TRUE,FALSE,BLOCKED,TRUE,FALSE,0,,0,,,,,
5657.16,INSPECTING,INSPECTING,0,0,0,2,0,WORKING,FALSE,BLOCKED,TRUE,FALSE,BLOCKED,TRUE,FALSE,0,,0,,,,,
5663.62,INSPECTING,INSPECTING,2,0,0,2,0,WORKING,FALSE,BLOCKED,TRUE,FALSE,BLOCKED,TRUE,FALSE,0,,0,,,,,
5663.84,INSPECTING,INSPECTING,1,0,0,2,0,WORKING,FALSE,BLOCKED,TRUE,FALSE,BLOCKED,TRUE,FALSE,0,,0,,,,,
5664.13,INSPECTING,INSPECTING,2,0,0,2,0,WORKING,FALSE,BLOCKED,TRUE,FALSE,BLOCKED,TRUE,FALSE,0,,0,,,,,
5667.93,BLOCKED,INSPECTING,2,0,0,2,0,WORKING,FALSE,BLOCKED,TRUE,FALSE,BLOCKED,TRUE,FALSE,2.94,,0,,,,,
5670.87,BLOCKED,INSPECTING,2,0,0,2,0,WORKING,FALSE,BLOCKED,TRUE,FALSE,WORKING,FALSE,FALSE,0.01,,0,,,,,
5670.88,INSPECTING,INSPECTING,2,1,0,2,0,WORKING,FALSE,BLOCKED,TRUE,FALSE,WORKING,FALSE,FALSE,0,,0,,,,,
5671.4,INSPECTING,INSPECTING,2,1,0,1,0,WORKING,FALSE,BLOCKED,TRUE,FALSE,BLOCKED,TRUE,FALSE,0,,0,,,,,
5677.84,INSPECTING,INSPECTING,2,2,0,1,0,WORKING,FALSE,BLOCKED,TRUE,FALSE,BLOCKED,TRUE,FALSE,0,,0,,,,,
5680.15,INSPECTING,INSPECTING,1,2,0,1,0,WORKING,FALSE,BLOCKED,TRUE,FALSE,BLOCKED,TRUE,FALSE,0,,0,,,,,
5681.46,INSPECTING,INSPECTING,1,2,0,1,0,WORKING,FALSE,WORKING,FALSE,FALSE,BLOCKED,TRUE,FALSE,0,,0,,,,,
5682.55,INSPECTING,INSPECTING,1,1,0,1,0,WORKING,FALSE,BLOCKED,TRUE,FALSE,BLOCKED,TRUE,FALSE,0,,0,,,,,
5690.03,INSPECTING,INSPECTING,2,2,0,1,0,WORKING,FALSE,BLOCKED,TRUE,FALSE,BLOCKED,TRUE,FALSE,0,,0,,,,,
5692.26,INSPECTING,INSPECTING,1,2,0,1,0,WORKING,FALSE,BLOCKED,TRUE,FALSE,BLOCKED,TRUE,FALSE,0,,0,,,,,
5697.06,INSPECTING,INSPECTING,0,2,0,1,0,WORKING,FALSE,BLOCKED,TRUE,FALSE,BLOCKED,TRUE,FALSE,0,,0,,,,,
5697.85,INSPECTING,INSPECTING,0,2,0,1,0,WORKING,FALSE,WORKING,FALSE,FALSE,BLOCKED,TRUE,FALSE,0,,0,,,,,
5699.02,INSPECTING,INSPECTING,1,2,0,2,0,WORKING,FALSE,WORKING,FALSE,FALSE,BLOCKED,TRUE,FALSE,0,,0,,,,,
5700.69,INSPECTING,INSPECTING,2,2,0,2,0,WORKING,FALSE,WORKING,FALSE,FALSE,BLOCKED,TRUE,FALSE,0,,0,,,,,
5701.43,INSPECTING,INSPECTING,2,2,0,2,0,WORKING,FALSE,WORKING,FALSE,FALSE,WORKING,FALSE,FALSE,0,,0,,,,,
5702.73,INSPECTING,INSPECTING,2,1,0,2,0,WORKING,FALSE,BLOCKED,TRUE,FALSE,WORKING,FALSE,FALSE,0,,0,,,,,
5703.84,BLOCKED,INSPECTING,2,1,0,2,0,WORKING,FALSE,BLOCKED,TRUE,FALSE,WORKING,FALSE,FALSE,0.18,,0,,,,,
5704.02,BLOCKED,INSPECTING,1,1,0,2,0,WORKING,FALSE,BLOCKED,TRUE,FALSE,WORKING,FALSE,FALSE,0.01,,0,,,,,
5704.03,INSPECTING,INSPECTING,2,1,0,2,0,WORKING,FALSE,BLOCKED,TRUE,FALSE,WORKING,FALSE,FALSE,0,,0,,,,,
5704.25,BLOCKED,INSPECTING,2,1,0,2,0,WORKING,FALSE,BLOCKED,TRUE,FALSE,WORKING,FALSE,FALSE,1.79,,0,,,,,
5706.04,BLOCKED,INSPECTING,1,1,0,2,0,WORKING,FALSE,BLOCKED,TRUE,FALSE,WORKING,FALSE,FALSE,0.01,,0,,,,,
5706.05,INSPECTING,INSPECTING,2,1,0,2,0,WORKING,FALSE,BLOCKED,TRUE,FALSE,WORKING,FALSE,FALSE,0,,0,,,,,
5713.7,INSPECTING,INSPECTING,1,1,0,2,0,WORKING,FALSE,BLOCKED,TRUE,FALSE,WORKING,FALSE,FALSE,0,,0,,,,,
5714.35,INSPECTING,INSPECTING,1,1,0,1,0,WORKING,FALSE,BLOCKED,TRUE,FALSE,BLOCKED,TRUE,FALSE,0,,0,,,,,
5720.39,INSPECTING,INSPECTING,1,1,0,1,0,WORKING,FALSE,BLOCKED,TRUE,FALSE,WORKING,FALSE,FALSE,0,,0,,,,,
5722.66,INSPECTING,INSPECTING,1,1,0,0,0,WORKING,FALSE,BLOCKED,TRUE,FALSE,BLOCKED,TRUE,FALSE,0,,0,,,,,
5723.51,INSPECTING,INSPECTING,0,1,0,0,0,WORKING,FALSE,BLOCKED,TRUE,FALSE,BLOCKED,TRUE,FALSE,0,,0,,,,,
5726.5,INSPECTING,INSPECTING,0,1,0,0,0,BLOCKED,FALSE,BLOCKED,TRUE,FALSE,BLOCKED,TRUE,FALSE,0,,0,,,,,
5728.54,INSPECTING,INSPECTING,0,2,0,0,0,WORKING,FALSE,BLOCKED,TRUE,FALSE,BLOCKED,TRUE,FALSE,0,,0,,,,,
5729.03,INSPECTING,INSPECTING,0,2,0,0,0,BLOCKED,FALSE,BLOCKED,TRUE,FALSE,BLOCKED,TRUE,FALSE,0,,0,,,,,
5732.92,INSPECTING,INSPECTING,1,2,0,0,0,WORKING,FALSE,BLOCKED,TRUE,FALSE,BLOCKED,TRUE,FALSE,0,,0,,,,,
5734,INSPECTING,INSPECTING,0,2,0,0,0,WORKING,FALSE,BLOCKED,TRUE,FALSE,BLOCKED,TRUE,FALSE,0,,0,,,,,
5734.28,INSPECTING,INSPECTING,0,2,0,0,0,WORKING,FALSE,WORKING,FALSE,FALSE,BLOCKED,TRUE,FALSE,0,,0,,,,,
5734.88,INSPECTING,INSPECTING,0,2,0,0,0,BLOCKED,FALSE,WORKING,FALSE,FALSE,BLOCKED,TRUE,FALSE,0,,0,,,,,
5747.96,INSPECTING,INSPECTING,0,1,0,0,0,BLOCKED,FALSE,BLOCKED,TRUE,FALSE,BLOCKED,TRUE,FALSE,0,,0,,,,,
5760.57,INSPECTING,INSPECTING,0,1,0,0,0,BLOCKED,FALSE,BLOCKED,TRUE,FALSE,WORKING,FALSE,FALSE,0,,0,,,,,
5762.87,INSPECTING,INSPECTING,0,1,0,0,1,BLOCKED,FALSE,BLOCKED,TRUE,FALSE,WORKING,FALSE,FALSE,0,,0,,,,,
5773.02,INSPECTING,INSPECTING,0,1,0,0,0,BLOCKED,FALSE,BLOCKED,TRUE,FALSE,BLOCKED,FALSE,TRUE,0,,0,,,,,
5783.57,INSPECTING,INSPECTING,0,1,0,0,0,WORKING,FALSE,BLOCKED,TRUE,FALSE,WORKING,FALSE,FALSE,0,,0,,,,,
5784.57,INSPECTING,INSPECTING,0,1,0,0,0,BLOCKED,FALSE,BLOCKED,TRUE,FALSE,WORKING,FALSE,FALSE,0,,0,,,,,
5785.88,INSPECTING,INSPECTING,0,1,0,0,0,BLOCKED,FALSE,BLOCKED,TRUE,FALSE,BLOCKED,FALSE,FALSE,0,,0,,,,,
5792.27,INSPECTING,INSPECTING,0,1,0,0,0,BLOCKED,FALSE,BLOCKED,TRUE,FALSE,BLOCKED,FALSE,TRUE,0,,0,,,,,
5792.91,INSPECTING,INSPECTING,0,1,0,0,0,BLOCKED,FALSE,WORKING,FALSE,FALSE,BLOCKED,FALSE,TRUE,0,,0,,,,,
5793.95,INSPECTING,INSPECTING,0,1,0,0,0,WORKING,FALSE,WORKING,FALSE,FALSE,WORKING,FALSE,FALSE,0,,0,,,,,
5794.64,INSPECTING,INSPECTING,0,1,1,0,0,WORKING,FALSE,WORKING,FALSE,FALSE,WORKING,FALSE,FALSE,0,,0,,,,,
5795.61,INSPECTING,INSPECTING,0,0,0,0,0,WORKING,FALSE,WORKING,FALSE,FALSE,WORKING,FALSE,FALSE,0,,0,,,,,
5796.06,INSPECTING,INSPECTING,0,0,1,0,0,WORKING,FALSE,WORKING,FALSE,FALSE,WORKING,FALSE,FALSE,0,,0,,,,,
5799.91,INSPECTING,INSPECTING,0,0,1,0,0,BLOCKED,FALSE,WORKING,FALSE,FALSE,WORKING,FALSE,FALSE,0,,0,,,,,
5801.51,INSPECTING,INSPECTING,0,0,0,0,0,BLOCKED,FALSE,BLOCKED,FALSE,TRUE,WORKING,FALSE,FALSE,0,,0,,,,,
5801.62,INSPECTING,INSPECTING,0,0,0,0,1,BLOCKED,FALSE,BLOCKED,FALSE,TRUE,WORKING,FALSE,FALSE,0,,0,,,,,
5802.55,INSPECTING,INSPECTING,0,0,0,0,1,WORKING,FALSE,WORKING,FALSE,FALSE,WORKING,FALSE,FALSE,0,,0,,,,,
5803.02,INSPECTING,INSPECTING,0,0,0,0,0,WORKING,FALSE,WORKING,FALSE,FALSE,BLOCKED,FALSE,TRUE,0,,0,,,,,
5803.81,INSPECTING,INSPECTING,1,0,0,0,0,WORKING,FALSE,WORKING,FALSE,FALSE,WORKING,FALSE,FALSE,0,,0,,,,,
5806.56,INSPECTING,INSPECTING,0,0,0,0,0,WORKING,FALSE,WORKING,FALSE,FALSE,WORKING,FALSE,FALSE,0,,0,,,,,
5808.48,INSPECTING,INSPECTING,0,0,0,0,0,WORKING,FALSE,BLOCKED,FALSE,FALSE,WORKING,FALSE,FALSE,0,,0,,,,,
5811.16,INSPECTING,INSPECTING,0,0,0,0,0,WORKING,FALSE,BLOCKED,FALSE,FALSE,BLOCKED,FALSE,FALSE,0,,0,,,,,
5811.85,INSPECTING,INSPECTING,0,0,0,0,0,BLOCKED,FALSE,BLOCKED,FALSE,FALSE,BLOCKED,FALSE,FALSE,0,,0,,,,,
5813.19,INSPECTING,INSPECTING,0,0,0,0,0,WORKING,FALSE,BLOCKED,FALSE,FALSE,BLOCKED,TRUE,FALSE,0,,0,,,,,
5814.65,INSPECTING,INSPECTING,0,0,0,0,0,WORKING,FALSE,BLOCKED,FALSE,FALSE,WORKING,FALSE,FALSE,0,,0,,,,,
5815.13,INSPECTING,INSPECTING,0,0,0,0,0,BLOCKED,FALSE,BLOCKED,FALSE,FALSE,WORKING,FALSE,FALSE,0,,0,,,,,
5817.44,INSPECTING,INSPECTING,0,0,0,0,0,BLOCKED,FALSE,BLOCKED,FALSE,FALSE,BLOCKED,FALSE,FALSE,0,,0,,,,,
5818.92,INSPECTING,INSPECTING,0,0,0,0,0,WORKING,FALSE,BLOCKED,FALSE,FALSE,BLOCKED,TRUE,FALSE,0,,0,,,,,
5820.75,INSPECTING,INSPECTING,0,0,0,0,0,BLOCKED,FALSE,BLOCKED,FALSE,FALSE,BLOCKED,TRUE,FALSE,0,,0,,,,,
5830.66,INSPECTING,INSPECTING,0,0,0,1,0,WORKING,FALSE,BLOCKED,FALSE,FALSE,BLOCKED,TRUE,FALSE,0,,0,,,,,
5832.24,INSPECTING,INSPECTING,0,0,0,1,0,BLOCKED,FALSE,BLOCKED,FALSE,FALSE,BLOCKED,TRUE,FALSE,0,,0,,,,,
5843.05,INSPECTING,INSPECTING,0,0,0,1,0,BLOCKED,FALSE,BLOCKED,FALSE,FALSE,WORKING,FALSE,FALSE,0,,0,,,,,
5845.73,INSPECTING,INSPECTING,0,0,0,1,0,WORKING,FALSE,BLOCKED,TRUE,FALSE,WORKING,FALSE,FALSE,0,,0,,,,,
5852.26,INSPECTING,INSPECTING,1,1,0,1,0,WORKING,FALSE,BLOCKED,TRUE,FALSE,WORKING,FALSE,FALSE,0,,0,,,,,
5854.41,INSPECTING,INSPECTING,1,1,0,0,0,WORKING,FALSE,BLOCKED,TRUE,FALSE,BLOCKED,TRUE,FALSE,0,,0,,,,,
5854.83,INSPECTING,INSPECTING,0,1,0,0,0,WORKING,FALSE,BLOCKED,TRUE,FALSE,BLOCKED,TRUE,FALSE,0,,0,,,,,
5856.33,INSPECTING,INSPECTING,1,2,0,0,0,WORKING,FALSE,BLOCKED,TRUE,FALSE,BLOCKED,TRUE,FALSE,0,,0,,,,,
5858.15,INSPECTING,INSPECTING,0,2,0,0,0,WORKING,FALSE,BLOCKED,TRUE,FALSE,BLOCKED,TRUE,FALSE,0,,0,,,,,
5861.01,INSPECTING,INSPECTING,0,2,0,0,0,BLOCKED,FALSE,BLOCKED,TRUE,FALSE,BLOCKED,TRUE,FALSE,0,,0,,,,,
5861.35,INSPECTING,INSPECTING,0,2,0,0,0,BLOCKED,FALSE,WORKING,FALSE,FALSE,BLOCKED,TRUE,FALSE,0,,0,,,,,
5867.77,INSPECTING,INSPECTING,1,2,0,0,0,WORKING,FALSE,WORKING,FALSE,FALSE,BLOCKED,TRUE,FALSE,0,,0,,,,,
5870.3,INSPECTING,INSPECTING,1,2,1,0,0,WORKING,FALSE,WORKING,FALSE,FALSE,BLOCKED,TRUE,FALSE,0,,0,,,,,
5870.31,INSPECTING,INSPECTING,0,2,1,0,0,WORKING,FALSE,WORKING,FALSE,FALSE,BLOCKED,TRUE,FALSE,0,,0,,,,,
5870.67,INSPECTING,INSPECTING,2,2,1,0,0,WORKING,FALSE,WORKING,FALSE,FALSE,BLOCKED,TRUE,FALSE,0,,0,,,,,
5871.16,INSPECTING,INSPECTING,1,2,1,0,0,WORKING,FALSE,WORKING,FALSE,FALSE,BLOCKED,TRUE,FALSE,0,,0,,,,,
5871.27,INSPECTING,INSPECTING,1,1,0,0,0,WORKING,FALSE,WORKING,FALSE,FALSE,BLOCKED,TRUE,FALSE,0,,0,,,,,
5872.06,INSPECTING,INSPECTING,0,1,0,0,0,WORKING,FALSE,WORKING,FALSE,FALSE,BLOCKED,TRUE,FALSE,0,,0,,,,,
5873.57,INSPECTING,INSPECTING,0,1,0,0,0,BLOCKED,FALSE,WORKING,FALSE,FALSE,BLOCKED,TRUE,FALSE,0,,0,,,,,
5879.36,INSPECTING,INSPECTING,0,2,0,0,0,WORKING,FALSE,WORKING,FALSE,FALSE,BLOCKED,TRUE,FALSE,0,,0,,,,,
5886.42,INSPECTING,INSPECTING,0,2,0,0,0,BLOCKED,FALSE,WORKING,FALSE,FALSE,BLOCKED,TRUE,FALSE,0,,0,,,,,
5886.49,INSPECTING,INSPECTING,1,2,0,0,0,WORKING,FALSE,WORKING,FALSE,FALSE,BLOCKED,TRUE,FALSE,0,,0,,,,,
5887,INSPECTING,INSPECTING,0,2,0,0,0,WORKING,FALSE,WORKING,FALSE,FALSE,BLOCKED,TRUE,FALSE,0,,0,,,,,
5887.89,INSPECTING,INSPECTING,0,2,1,0,0,WORKING,FALSE,WORKING,FALSE,FALSE,BLOCKED,TRUE,FALSE,0,,0,,,,,
5892.41,INSPECTING,INSPECTING,0,1,0,0,0,WORKING,FALSE,WORKING,FALSE,FALSE,BLOCKED,TRUE,FALSE,0,,0,,,,,
5895.78,INSPECTING,INSPECTING,0,1,0,0,0,WORKING,FALSE,WORKING,FALSE,FALSE,WORKING,FALSE,FALSE,0,,0,,,,,
5896.13,INSPECTING,INSPECTING,0,1,0,0,0,BLOCKED,FALSE,WORKING,FALSE,FALSE,WORKING,FALSE,FALSE,0,,0,,,,,
5896.49,INSPECTING,INSPECTING,0,2,0,0,0,WORKING,FALSE,WORKING,FALSE,FALSE,WORKING,FALSE,FALSE,0,,0,,,,,
5896.57,INSPECTING,INSPECTING,0,2,0,0,0,WORKING,FALSE,WORKING,FALSE,FALSE,BLOCKED,FALSE,FALSE,0,,0,,,,,
5896.75,INSPECTING,INSPECTING,0,1,0,0,0,WORKING,FALSE,BLOCKED,TRUE,FALSE,BLOCKED,FALSE,FALSE,0,,0,,,,,
5896.96,INSPECTING,INSPECTING,0,1,0,0,0,WORKING,FALSE,WORKING,FALSE,FALSE,BLOCKED,FALSE,FALSE,0,,0,,,,,
5898.78,INSPECTING,INSPECTING,0,0,0,0,0,WORKING,FALSE,BLOCKED,TRUE,FALSE,BLOCKED,FALSE,FALSE,0,,0,,,,,
5901.86,INSPECTING,INSPECTING,0,0,0,0,0,WORKING,FALSE,BLOCKED,TRUE,FALSE,BLOCKED,FALSE,TRUE,0,,0,,,,,
5903.25,INSPECTING,INSPECTING,0,0,0,0,0,BLOCKED,FALSE,BLOCKED,TRUE,FALSE,BLOCKED,FALSE,TRUE,0,,0,,,,,
5905.5,INSPECTING,INSPECTING,0,0,0,0,0,WORKING,FALSE,BLOCKED,TRUE,FALSE,WORKING,FALSE,FALSE,0,,0,,,,,
5906.26,INSPECTING,INSPECTING,0,0,0,0,0,WORKING,FALSE,BLOCKED,TRUE,FALSE,BLOCKED,FALSE,FALSE,0,,0,,,,,
5910.83,INSPECTING,INSPECTING,0,0,0,0,0,WORKING,FALSE,BLOCKED,TRUE,FALSE,BLOCKED,FALSE,TRUE,0,,0,,,,,
5912.48,INSPECTING,INSPECTING,0,0,0,0,0,BLOCKED,FALSE,BLOCKED,TRUE,FALSE,BLOCKED,FALSE,TRUE,0,,0,,,,,
5915.38,INSPECTING,INSPECTING,0,0,0,0,1,BLOCKED,FALSE,BLOCKED,TRUE,FALSE,BLOCKED,FALSE,TRUE,0,,0,,,,,
5918.88,INSPECTING,INSPECTING,0,0,0,0,2,BLOCKED,FALSE,BLOCKED,TRUE,FALSE,BLOCKED,FALSE,TRUE,0,,0,,,,,
5920.82,INSPECTING,INSPECTING,0,0,0,0,2,BLOCKED,FALSE,WORKING,FALSE,FALSE,BLOCKED,FALSE,TRUE,0,,0,,,,,
5921.97,INSPECTING,INSPECTING,0,0,0,0,2,WORKING,FALSE,WORKING,FALSE,FALSE,WORKING,FALSE,FALSE,0,,0,,,,,
5923.19,INSPECTING,INSPECTING,0,0,0,0,2,WORKING,FALSE,BLOCKED,FALSE,FALSE,WORKING,FALSE,FALSE,0,,0,,,,,
5923.75,INSPECTING,BLOCKED,0,0,0,0,2,WORKING,FALSE,BLOCKED,FALSE,FALSE,WORKING,FALSE,FALSE,0,,0.02,,,,,
5923.77,INSPECTING,BLOCKED,1,0,0,1,2,WORKING,FALSE,BLOCKED,FALSE,FALSE,WORKING,FALSE,FALSE,0,,0.43,,,,,
5924.2,INSPECTING,BLOCKED,0,0,0,1,2,WORKING,FALSE,BLOCKED,FALSE,FALSE,WORKING,FALSE,FALSE,0,,0.61,,,,,
5924.81,INSPECTING,BLOCKED,1,0,0,2,2,WORKING,FALSE,BLOCKED,FALSE,FALSE,WORKING,FALSE,FALSE,0,,7.9,,,,,
5932.71,INSPECTING,BLOCKED,0,0,0,2,2,WORKING,FALSE,BLOCKED,FALSE,FALSE,WORKING,FALSE,FALSE,0,,4.12,,,,,
5936.83,INSPECTING,BLOCKED,0,0,0,2,2,BLOCKED,FALSE,BLOCKED,FALSE,FALSE,WORKING,FALSE,FALSE,0,,6.84,,,,,
5943.67,INSPECTING,BLOCKED,0,0,0,1,1,BLOCKED,FALSE,BLOCKED,FALSE,FALSE,WORKING,FALSE,FALSE,0,,0.01,,,,,
5943.68,INSPECTING,INSPECTING,0,0,0,1,2,BLOCKED,FALSE,BLOCKED,FALSE,FALSE,WORKING,FALSE,FALSE,0,,0,,,,,
5948.12,INSPECTING,INSPECTING,0,0,0,1,2,WORKING,FALSE,BLOCKED,TRUE,FALSE,WORKING,FALSE,FALSE,0,,0,,,,,
5950.47,INSPECTING,INSPECTING,1,1,0,1,2,WORKING,FALSE,BLOCKED,TRUE,FALSE,WORKING,FALSE,FALSE,0,,0,,,,,
5951.65,INSPECTING,INSPECTING,2,2,0,1,2,WORKING,FALSE,BLOCKED,TRUE,FALSE,WORKING,FALSE,FALSE,0,,0,,,,,
5952.71,BLOCKED,INSPECTING,2,2,0,1,2,WORKING,FALSE,BLOCKED,TRUE,FALSE,WORKING,FALSE,FALSE,4.79,,0,,,,,
5957.5,BLOCKED,INSPECTING,1,2,0,1,2,WORKING,FALSE,BLOCKED,TRUE,FALSE,WORKING,FALSE,FALSE,0.01,,0,,,,,
5957.51,INSPECTING,INSPECTING,2,2,0,1,2,WORKING,FALSE,BLOCKED,TRUE,FALSE,WORKING,FALSE,FALSE,0,,0,,,,,
5960.49,INSPECTING,INSPECTING,1,2,0,1,2,WORKING,FALSE,BLOCKED,TRUE,FALSE,WORKING,FALSE,FALSE,0,,0,,,,,
5960.74,INSPECTING,INSPECTING,2,2,0,1,2,WORKING,FALSE,BLOCKED,TRUE,FALSE,WORKING,FALSE,FALSE,0,,0,,,,,
5969.59,INSPECTING,INSPECTING,2,2,0,1,2,WORKING,FALSE,WORKING,FALSE,FALSE,WORKING,FALSE,FALSE,0,,0,,,,,
5971.92,INSPECTING,INSPECTING,2,2,0,0,1,WORKING,FALSE,WORKING,FALSE,FALSE,WORKING,FALSE,FALSE,0,,0,,,,,
5975.37,INSPECTING,INSPECTING,2,2,0,1,1,WORKING,FALSE,WORKING,FALSE,FALSE,WORKING,FALSE,FALSE,0,,0,,,,,
5978.74,INSPECTING,INSPECTING,2,2,0,1,2,WORKING,FALSE,WORKING,FALSE,FALSE,WORKING,FALSE,FALSE,0,,0,,,,,
5979.48,INSPECTING,INSPECTING,1,2,0,1,2,WORKING,FALSE,WORKING,FALSE,FALSE,WORKING,FALSE,FALSE,0,,0,,,,,
5980.42,INSPECTING,INSPECTING,1,2,0,0,1,WORKING,FALSE,WORKING,FALSE,FALSE,WORKING,FALSE,FALSE,0,,0,,,,,
5980.89,INSPECTING,INSPECTING,1,2,0,0,0,WORKING,FALSE,WORKING,FALSE,FALSE,BLOCKED,FALSE,TRUE,0,,0,,,,,
5982.92,INSPECTING,INSPECTING,0,2,0,0,0,WORKING,FALSE,WORKING,FALSE,FALSE,BLOCKED,FALSE,TRUE,0,,0,,,,,
5984.85,INSPECTING,INSPECTING,1,2,0,0,0,WORKING,FALSE,WORKING,FALSE,FALSE,WORKING,FALSE,FALSE,0,,0,,,,,
5986.71,INSPECTING,INSPECTING,0,2,0,0,0,WORKING,FALSE,WORKING,FALSE,FALSE,WORKING,FALSE,FALSE,0,,0,,,,,
5990.83,INSPECTING,INSPECTING,0,2,1,0,0,WORKING,FALSE,WORKING,FALSE,FALSE,WORKING,FALSE,FALSE,0,,0,,,,,
5998.62,INSPECTING,INSPECTING,0,2,1,0,0,WORKING,FALSE,WORKING,FALSE,FALSE,BLOCKED,FALSE,FALSE,0,,0,,,,,
6001.29,INSPECTING,INSPECTING,0,2,1,0,0,BLOCKED,FALSE,WORKING,FALSE,FALSE,BLOCKED,FALSE,FALSE,0,,0,,,,,
6004.43,INSPECTING,INSPECTING,0,2,1,0,0,WORKING,FALSE,WORKING,FALSE,FALSE,BLOCKED,TRUE,FALSE,0,,0,,,,,
6008.06,INSPECTING,INSPECTING,0,2,1,0,0,BLOCKED,FALSE,WORKING,FALSE,FALSE,BLOCKED,TRUE,FALSE,0,,0,,,,,
6017.66,INSPECTING,INSPECTING,0,1,0,0,0,BLOCKED,FALSE,WORKING,FALSE,FALSE,BLOCKED,TRUE,FALSE,0,,0,,,,,
6022.94,INSPECTING,INSPECTING,0,0,0,0,0,BLOCKED,FALSE,BLOCKED,TRUE,FALSE,BLOCKED,TRUE,FALSE,0,,0,,,,,
6032.05,INSPECTING,INSPECTING,0,0,0,0,0,BLOCKED,FALSE,BLOCKED,TRUE,FALSE,WORKING,FALSE,FALSE,0,,0,,,,,
6035.12,INSPECTING,INSPECTING,0,0,0,0,0,BLOCKED,FALSE,BLOCKED,TRUE,FALSE,BLOCKED,FALSE,FALSE,0,,0,,,,,
6043.34,INSPECTING,INSPECTING,0,1,0,0,0,WORKING,FALSE,BLOCKED,TRUE,FALSE,BLOCKED,FALSE,FALSE,0,,0,,,,,
6050.18,INSPECTING,INSPECTING,1,2,0,0,0,WORKING,FALSE,BLOCKED,TRUE,FALSE,BLOCKED,FALSE,FALSE,0,,0,,,,,
6056.14,INSPECTING,INSPECTING,0,2,0,0,0,WORKING,FALSE,BLOCKED,TRUE,FALSE,BLOCKED,FALSE,FALSE,0,,0,,,,,
6056.54,INSPECTING,INSPECTING,2,2,0,0,0,WORKING,FALSE,BLOCKED,TRUE,FALSE,BLOCKED,FALSE,FALSE,0,,0,,,,,
6057.56,INSPECTING,INSPECTING,1,2,0,0,0,WORKING,FALSE,BLOCKED,TRUE,FALSE,BLOCKED,FALSE,FALSE,0,,0,,,,,
6059.58,INSPECTING,INSPECTING,0,2,0,0,0,WORKING,FALSE,BLOCKED,TRUE,FALSE,BLOCKED,FALSE,FALSE,0,,0,,,,,
6062.7,INSPECTING,INSPECTING,0,2,0,0,0,BLOCKED,FALSE,BLOCKED,TRUE,FALSE,BLOCKED,FALSE,FALSE,0,,0,,,,,
6070.68,INSPECTING,INSPECTING,1,2,0,0,0,WORKING,FALSE,BLOCKED,TRUE,FALSE,BLOCKED,FALSE,FALSE,0,,0,,,,,
6072.07,INSPECTING,INSPECTING,0,2,0,0,0,WORKING,FALSE,BLOCKED,TRUE,FALSE,BLOCKED,FALSE,FALSE,0,,0,,,,,
6072.38,INSPECTING,INSPECTING,0,2,0,0,0,BLOCKED,FALSE,BLOCKED,TRUE,FALSE,BLOCKED,FALSE,FALSE,0,,0,,,,,
6098.7,INSPECTING,INSPECTING,1,2,0,0,0,WORKING,FALSE,BLOCKED,TRUE,FALSE,BLOCKED,FALSE,FALSE,0,,0,,,,,
6099.16,INSPECTING,INSPECTING,0,2,0,0,0,WORKING,FALSE,BLOCKED,TRUE,FALSE,BLOCKED,FALSE,FALSE,0,,0,,,,,
6103.65,INSPECTING,INSPECTING,2,2,0,0,0,WORKING,FALSE,BLOCKED,TRUE,FALSE,BLOCKED,FALSE,FALSE,0,,0,,,,,
6110.91,INSPECTING,INSPECTING,2,2,0,0,0,WORKING,FALSE,WORKING,FALSE,FALSE,BLOCKED,FALSE,FALSE,0,,0,,,,,
6113.72,INSPECTING,INSPECTING,1,2,0,0,0,WORKING,FALSE,WORKING,FALSE,FALSE,BLOCKED,FALSE,FALSE,0,,0,,,,,
6116.9,INSPECTING,INSPECTING,0,2,0,0,0,WORKING,FALSE,WORKING,FALSE,FALSE,BLOCKED,FALSE,FALSE,0,,0,,,,,
6118.74,INSPECTING,INSPECTING,0,2,1,0,0,WORKING,FALSE,WORKING,FALSE,FALSE,BLOCKED,FALSE,FALSE,0,,0,,,,,
6121.48,INSPECTING,INSPECTING,0,2,1,0,0,BLOCKED,FALSE,WORKING,FALSE,FALSE,BLOCKED,FALSE,FALSE,0,,0,,,,,
6126.86,INSPECTING,INSPECTING,1,2,1,0,0,WORKING,FALSE,WORKING,FALSE,FALSE,BLOCKED,FALSE,FALSE,0,,0,,,,,
6127.52,INSPECTING,INSPECTING,1,1,0,0,0,WORKING,FALSE,WORKING,FALSE,FALSE,BLOCKED,FALSE,FALSE,0,,0,,,,,
6130.39,INSPECTING,INSPECTING,2,2,0,0,0,WORKING,FALSE,WORKING,FALSE,FALSE,BLOCKED,FALSE,FALSE,0,,0,,,,,
6132.54,INSPECTING,INSPECTING,2,1,0,0,0,WORKING,FALSE,BLOCKED,TRUE,FALSE,BLOCKED,FALSE,FALSE,0,,0,,,,,
6137.33,INSPECTING,INSPECTING,1,1,0,0,0,WORKING,FALSE,BLOCKED,TRUE,FALSE,BLOCKED,FALSE,FALSE,0,,0,,,,,
6138.23,INSPECTING,INSPECTING,0,1,0,0,0,WORKING,FALSE,BLOCKED,TRUE,FALSE,BLOCKED,FALSE,FALSE,0,,0,,,,,
6138.98,INSPECTING,INSPECTING,1,2,0,0,0,WORKING,FALSE,BLOCKED,TRUE,FALSE,BLOCKED,FALSE,FALSE,0,,0,,,,,
6142.38,INSPECTING,INSPECTING,0,2,0,0,0,WORKING,FALSE,BLOCKED,TRUE,FALSE,BLOCKED,FALSE,FALSE,0,,0,,,,,
6143.82,INSPECTING,INSPECTING,2,2,0,0,0,WORKING,FALSE,BLOCKED,TRUE,FALSE,BLOCKED,FALSE,FALSE,0,,0,,,,,
6146.15,INSPECTING,INSPECTING,1,2,0,0,0,WORKING,FALSE,BLOCKED,TRUE,FALSE,BLOCKED,FALSE,FALSE,0,,0,,,,,
6151.74,INSPECTING,INSPECTING,1,2,0,0,0,WORKING,FALSE,WORKING,FALSE,FALSE,BLOCKED,FALSE,FALSE,0,,0,,,,,
6156.14,INSPECTING,INSPECTING,0,2,0,0,0,WORKING,FALSE,WORKING,FALSE,FALSE,BLOCKED,FALSE,FALSE,0,,0,,,,,
6159.3,INSPECTING,INSPECTING,0,2,0,0,0,WORKING,FALSE,WORKING,FALSE,FALSE,BLOCKED,FALSE,TRUE,0,,0,,,,,
6162.75,INSPECTING,INSPECTING,0,2,0,0,1,WORKING,FALSE,WORKING,FALSE,FALSE,BLOCKED,FALSE,TRUE,0,,0,,,,,
6164.79,INSPECTING,INSPECTING,1,2,0,0,1,WORKING,FALSE,WORKING,FALSE,FALSE,WORKING,FALSE,FALSE,0,,0,,,,,
6168.47,INSPECTING,INSPECTING,1,2,0,0,0,WORKING,FALSE,WORKING,FALSE,FALSE,BLOCKED,FALSE,TRUE,0,,0,,,,,
6169.48,INSPECTING,INSPECTING,2,2,0,0,0,WORKING,FALSE,WORKING,FALSE,FALSE,WORKING,FALSE,FALSE,0,,0,,,,,
6169.69,INSPECTING,INSPECTING,1,2,0,0,0,WORKING,FALSE,WORKING,FALSE,FALSE,WORKING,FALSE,FALSE,0,,0,,,,,
6169.78,INSPECTING,INSPECTING,1,1,0,0,0,WORKING,FALSE,BLOCKED,TRUE,FALSE,WORKING,FALSE,FALSE,0,,0,,,,,
6171.23,INSPECTING,INSPECTING,1,1,0,0,0,WORKING,FALSE,BLOCKED,TRUE,FALSE,BLOCKED,FALSE,FALSE,0,,0,,,,,
6172.24,INSPECTING,INSPECTING,0,1,0,0,0,WORKING,FALSE,BLOCKED,TRUE,FALSE,BLOCKED,FALSE,FALSE,0,,0,,,,,
6177.15,INSPECTING,INSPECTING,0,1,0,0,0,WORKING,FALSE,WORKING,FALSE,FALSE,BLOCKED,FALSE,FALSE,0,,0,,,,,
6180.33,INSPECTING,INSPECTING,0,1,0,0,0,BLOCKED,FALSE,WORKING,FALSE,FALSE,BLOCKED,FALSE,FALSE,0,,0,,,,,
6183.03,INSPECTING,INSPECTING,0,2,0,0,0,WORKING,FALSE,WORKING,FALSE,FALSE,BLOCKED,FALSE,FALSE,0,,0,,,,,
6183.16,INSPECTING,INSPECTING,0,2,0,0,0,BLOCKED,FALSE,WORKING,FALSE,FALSE,BLOCKED,FALSE,FALSE,0,,0,,,,,
6190.81,INSPECTING,INSPECTING,1,2,0,0,0,WORKING,FALSE,WORKING,FALSE,FALSE,BLOCKED,FALSE,FALSE,0,,0,,,,,
6195.04,INSPECTING,INSPECTING,2,2,0,0,0,WORKING,FALSE,WORKING,FALSE,FALSE,BLOCKED,FALSE,FALSE,0,,0,,,,,
6195.34,BLOCKED,INSPECTING,2,2,0,0,0,WORKING,FALSE,WORKING,FALSE,FALSE,BLOCKED,FALSE,FALSE,18.25,,0,,,,,
6213.59,BLOCKED,INSPECTING,2,2,1,0,0,WORKING,FALSE,WORKING,FALSE,FALSE,BLOCKED,FALSE,FALSE,0.01,,0,,,,,
6213.6,INSPECTING,INSPECTING,2,2,1,0,0,WORKING,FALSE,WORKING,FALSE,FALSE,BLOCKED,TRUE,FALSE,0,,0,,,,,
6214.68,INSPECTING,INSPECTING,1,2,1,0,0,WORKING,FALSE,WORKING,FALSE,FALSE,BLOCKED,TRUE,FALSE,0,,0,,,,,
6218.09,INSPECTING,INSPECTING,1,1,0,0,0,WORKING,FALSE,WORKING,FALSE,FALSE,BLOCKED,TRUE,FALSE,0,,0,,,,,
6221.6,INSPECTING,INSPECTING,0,1,0,0,0,WORKING,FALSE,WORKING,FALSE,FALSE,BLOCKED,TRUE,FALSE,0,,0,,,,,
6222.41,INSPECTING,INSPECTING,0,1,0,0,0,BLOCKED,FALSE,WORKING,FALSE,FALSE,BLOCKED,TRUE,FALSE,0,,0,,,,,
6222.99,INSPECTING,INSPECTING,0,0,0,0,0,BLOCKED,FALSE,BLOCKED,TRUE,FALSE,BLOCKED,TRUE,FALSE,0,,0,,,,,
6226.42,INSPECTING,INSPECTING,0,0,0,0,0,BLOCKED,FALSE,BLOCKED,TRUE,FALSE,WORKING,FALSE,FALSE,0,,0,,,,,
6234.67,INSPECTING,INSPECTING,0,0,0,0,0,BLOCKED,FALSE,BLOCKED,TRUE,FALSE,BLOCKED,FALSE,FALSE,0,,0,,,,,
6235.65,INSPECTING,INSPECTING,0,0,0,0,0,BLOCKED,FALSE,WORKING,FALSE,FALSE,BLOCKED,FALSE,FALSE,0,,0,,,,,
6237.17,INSPECTING,INSPECTING,0,1,0,0,0,WORKING,FALSE,WORKING,FALSE,FALSE,BLOCKED,FALSE,FALSE,0,,0,,,,,
6237.99,INSPECTING,INSPECTING,0,1,0,0,0,BLOCKED,FALSE,WORKING,FALSE,FALSE,BLOCKED,FALSE,FALSE,0,,0,,,,,
6239.66,INSPECTING,INSPECTING,0,2,0,0,0,WORKING,FALSE,WORKING,FALSE,FALSE,BLOCKED,FALSE,FALSE,0,,0,,,,,
6239.68,INSPECTING,INSPECTING,2,2,0,0,0,WORKING,FALSE,WORKING,FALSE,FALSE,BLOCKED,FALSE,FALSE,0,,0,,,,,
6244.58,INSPECTING,INSPECTING,1,2,0,0,0,WORKING,FALSE,WORKING,FALSE,FALSE,BLOCKED,FALSE,FALSE,0,,0,,,,,
6245.81,INSPECTING,INSPECTING,0,2,0,0,0,WORKING,FALSE,WORKING,FALSE,FALSE,BLOCKED,FALSE,FALSE,0,,0,,,,,
6250.69,INSPECTING,INSPECTING,0,2,1,0,0,WORKING,FALSE,WORKING,FALSE,FALSE,BLOCKED,FALSE,FALSE,0,,0,,,,,
6257.62,INSPECTING,INSPECTING,0,2,1,0,0,BLOCKED,FALSE,WORKING,FALSE,FALSE,BLOCKED,FALSE,FALSE,0,,0,,,,,
6258.26,INSPECTING,INSPECTING,0,2,1,0,0,BLOCKED,FALSE,WORKING,FALSE,FALSE,BLOCKED,FALSE,TRUE,0,,0,,,,,
6258.3,INSPECTING,INSPECTING,0,1,0,0,0,BLOCKED,FALSE,WORKING,FALSE,FALSE,BLOCKED,FALSE,TRUE,0,,0,,,,,
6260.18,INSPECTING,INSPECTING,0,0,0,0,0,BLOCKED,FALSE,BLOCKED,TRUE,FALSE,BLOCKED,FALSE,TRUE,0,,0,,,,,
6260.67,INSPECTING,INSPECTING,0,0,0,0,0,WORKING,FALSE,BLOCKED,TRUE,FALSE,WORKING,FALSE,FALSE,0,,0,,,,,
6262.14,INSPECTING,INSPECTING,0,0,0,0,0,BLOCKED,FALSE,BLOCKED,TRUE,FALSE,WORKING,FALSE,FALSE,0,,0,,,,,
6275.08,INSPECTING,INSPECTING,0,0,0,0,0,BLOCKED,FALSE,BLOCKED,TRUE,FALSE,BLOCKED,FALSE,FALSE,0,,0,,,,,
6275.95,INSPECTING,INSPECTING,0,0,0,0,0,WORKING,FALSE,BLOCKED,TRUE,FALSE,BLOCKED,TRUE,FALSE,0,,0,,,,,
6276.12,INSPECTING,INSPECTING,1,0,0,1,0,WORKING,FALSE,BLOCKED,TRUE,FALSE,BLOCKED,TRUE,FALSE,0,,0,,,,,
6282.34,INSPECTING,INSPECTING,0,0,0,1,0,WORKING,FALSE,BLOCKED,TRUE,FALSE,BLOCKED,TRUE,FALSE,0,,0,,,,,
6282.68,INSPECTING,INSPECTING,0,0,0,1,0,BLOCKED,FALSE,BLOCKED,TRUE,FALSE,BLOCKED,TRUE,FALSE,0,,0,,,,,
6292.58,INSPECTING,INSPECTING,0,0,0,2,0,WORKING,FALSE,BLOCKED,TRUE,FALSE,BLOCKED,TRUE,FALSE,0,,0,,,,,
6292.8,INSPECTING,INSPECTING,0,0,0,2,0,BLOCKED,FALSE,BLOCKED,TRUE,FALSE,BLOCKED,TRUE,FALSE,0,,0,,,,,
6293.8,INSPECTING,INSPECTING,1,0,0,2,0,WORKING,FALSE,BLOCKED,TRUE,FALSE,BLOCKED,TRUE,FALSE,0,,0,,,,,
6293.9,INSPECTING,INSPECTING,0,0,0,2,0,WORKING,FALSE,BLOCKED,TRUE,FALSE,BLOCKED,TRUE,FALSE,0,,0,,,,,
6295.86,INSPECTING,INSPECTING,0,0,0,2,0,BLOCKED,FALSE,BLOCKED,TRUE,FALSE,BLOCKED,TRUE,FALSE,0,,0,,,,,
6297.6,INSPECTING,INSPECTING,0,0,0,2,0,BLOCKED,FALSE,BLOCKED,TRUE,FALSE,WORKING,FALSE,FALSE,0,,0,,,,,
6302.61,INSPECTING,INSPECTING,0,0,0,1,0,BLOCKED,FALSE,BLOCKED,TRUE,FALSE,BLOCKED,TRUE,FALSE,0,,0,,,,,
6308.15,INSPECTING,INSPECTING,0,0,0,1,0,BLOCKED,FALSE,WORKING,FALSE,FALSE,BLOCKED,TRUE,FALSE,0,,0,,,,,
6311.36,INSPECTING,INSPECTING,0,0,0,2,0,WORKING,FALSE,WORKING,FALSE,FALSE,BLOCKED,TRUE,FALSE,0,,0,,,,,
6312.37,INSPECTING,INSPECTING,2,0,0,2,0,WORKING,FALSE,WORKING,FALSE,FALSE,BLOCKED,TRUE,FALSE,0,,0,,,,,
6313.74,INSPECTING,INSPECTING,2,0,0,2,0,WORKING,FALSE,BLOCKED,FALSE,FALSE,BLOCKED,TRUE,FALSE,0,,0,,,,,
6315.92,INSPECTING,INSPECTING,1,0,0,2,0,WORKING,FALSE,BLOCKED,FALSE,FALSE,BLOCKED,TRUE,FALSE,0,,0,,,,,
6322.92,INSPECTING,INSPECTING,0,0,0,2,0,WORKING,FALSE,BLOCKED,FALSE,FALSE,BLOCKED,TRUE,FALSE,0,,0,,,,,
6332.39,INSPECTING,INSPECTING,0,0,0,2,0,BLOCKED,FALSE,BLOCKED,FALSE,FALSE,BLOCKED,TRUE,FALSE,0,,0,,,,,
6336.9,INSPECTING,INSPECTING,1,0,0,2,0,WORKING,FALSE,BLOCKED,FALSE,FALSE,BLOCKED,TRUE,FALSE,0,,0,,,,,
6338.09,INSPECTING,INSPECTING,0,0,0,2,0,WORKING,FALSE,BLOCKED,FALSE,FALSE,BLOCKED,TRUE,FALSE,0,,0,,,,,
6338.74,INSPECTING,INSPECTING,2,0,0,2,0,WORKING,FALSE,BLOCKED,FALSE,FALSE,BLOCKED,TRUE,FALSE,0,,0,,,,,
6341.03,INSPECTING,INSPECTING,2,0,0,2,0,WORKING,FALSE,BLOCKED,FALSE,FALSE,WORKING,FALSE,FALSE,0,,0,,,,,
6342.28,INSPECTING,INSPECTING,1,0,0,2,0,WORKING,FALSE,BLOCKED,FALSE,FALSE,WORKING,FALSE,FALSE,0,,0,,,,,
6343.61,INSPECTING,INSPECTING,0,0,0,2,0,WORKING,FALSE,BLOCKED,FALSE,FALSE,WORKING,FALSE,FALSE,0,,0,,,,,
6351.91,INSPECTING,INSPECTING,0,0,0,2,0,BLOCKED,FALSE,BLOCKED,FALSE,FALSE,WORKING,FALSE,FALSE,0,,0,,,,,
6354.07,INSPECTING,INSPECTING,0,0,0,2,0,WORKING,FALSE,BLOCKED,TRUE,FALSE,WORKING,FALSE,FALSE,0,,0,,,,,
6361.76,INSPECTING,INSPECTING,0,0,0,2,0,BLOCKED,FALSE,BLOCKED,TRUE,FALSE,WORKING,FALSE,FALSE,0,,0,,,,,
6362.71,INSPECTING,INSPECTING,0,1,0,2,0,WORKING,FALSE,BLOCKED,TRUE,FALSE,WORKING,FALSE,FALSE,0,,0,,,,,
6364.05,INSPECTING,INSPECTING,0,1,0,2,0,BLOCKED,FALSE,BLOCKED,TRUE,FALSE,WORKING,FALSE,FALSE,0,,0,,,,,
6366.06,INSPECTING,INSPECTING,0,2,0,2,0,WORKING,FALSE,BLOCKED,TRUE,FALSE,WORKING,FALSE,FALSE,0,,0,,,,,
6368.66,INSPECTING,INSPECTING,0,2,0,1,0,WORKING,FALSE,BLOCKED,TRUE,FALSE,BLOCKED,TRUE,FALSE,0,,0,,,,,
6369.28,INSPECTING,INSPECTING,0,2,0,1,0,BLOCKED,FALSE,BLOCKED,TRUE,FALSE,BLOCKED,TRUE,FALSE,0,,0,,,,,
6372.95,INSPECTING,INSPECTING,1,2,0,1,0,WORKING,FALSE,BLOCKED,TRUE,FALSE,BLOCKED,TRUE,FALSE,0,,0,,,,,
6373.73,INSPECTING,INSPECTING,1,2,0,1,0,WORKING,FALSE,WORKING,FALSE,FALSE,BLOCKED,TRUE,FALSE,0,,0,,,,,
6378.22,INSPECTING,INSPECTING,1,2,0,1,0,WORKING,FALSE,WORKING,FALSE,FALSE,WORKING,FALSE,FALSE,0,,0,,,,,
6383.68,INSPECTING,INSPECTING,1,2,0,0,0,WORKING,FALSE,WORKING,FALSE,FALSE,BLOCKED,TRUE,FALSE,0,,0,,,,,
6387.42,INSPECTING,INSPECTING,0,2,0,0,0,WORKING,FALSE,WORKING,FALSE,FALSE,BLOCKED,TRUE,FALSE,0,,0,,,,,
6389.11,INSPECTING,INSPECTING,0,2,0,0,0,BLOCKED,FALSE,WORKING,FALSE,FALSE,BLOCKED,TRUE,FALSE,0,,0,,,,,
6389.78,INSPECTING,INSPECTING,0,1,0,0,0,BLOCKED,FALSE,BLOCKED,TRUE,FALSE,BLOCKED,TRUE,FALSE,0,,0,,,,,
6389.8,INSPECTING,INSPECTING,0,1,0,0,0,BLOCKED,FALSE,BLOCKED,TRUE,FALSE,WORKING,FALSE,FALSE,0,,0,,,,,
6389.98,INSPECTING,INSPECTING,0,1,0,1,0,WORKING,FALSE,BLOCKED,TRUE,FALSE,WORKING,FALSE,FALSE,0,,0,,,,,
6390.54,INSPECTING,INSPECTING,0,1,0,1,0,BLOCKED,FALSE,BLOCKED,TRUE,FALSE,WORKING,FALSE,FALSE,0,,0,,,,,
6396.61,INSPECTING,INSPECTING,0,1,0,2,0,WORKING,FALSE,BLOCKED,TRUE,FALSE,WORKING,FALSE,FALSE,0,,0,,,,,
6397.07,INSPECTING,INSPECTING,0,1,0,2,1,WORKING,FALSE,BLOCKED,TRUE,FALSE,WORKING,FALSE,FALSE,0,,0,,,,,
6398.81,INSPECTING,INSPECTING,2,1,0,2,1,WORKING,FALSE,BLOCKED,TRUE,FALSE,WORKING,FALSE,FALSE,0,,0,,,,,
6399.89,BLOCKED,INSPECTING,2,1,0,2,1,WORKING,FALSE,BLOCKED,TRUE,FALSE,WORKING,FALSE,FALSE,1.86,,0,,,,,
6401.75,BLOCKED,INSPECTING,1,1,0,2,1,WORKING,FALSE,BLOCKED,TRUE,FALSE,WORKING,FALSE,FALSE,0.01,,0,,,,,
6401.76,INSPECTING,INSPECTING,2,1,0,2,1,WORKING,FALSE,BLOCKED,TRUE,FALSE,WORKING,FALSE,FALSE,0,,0,,,,,
6405.12,INSPECTING,INSPECTING,2,1,0,1,0,WORKING,FALSE,BLOCKED,TRUE,FALSE,WORKING,FALSE,FALSE,0,,0,,,,,
6408.35,INSPECTING,INSPECTING,1,1,0,1,0,WORKING,FALSE,BLOCKED,TRUE,FALSE,WORKING,FALSE,FALSE,0,,0,,,,,
6409.69,INSPECTING,INSPECTING,1,1,0,0,0,WORKING,FALSE,BLOCKED,TRUE,FALSE,BLOCKED,TRUE,FALSE,0,,0,,,,,
6409.76,INSPECTING,INSPECTING,0,1,0,0,0,WORKING,FALSE,BLOCKED,TRUE,FALSE,BLOCKED,TRUE,FALSE,0,,0,,,,,
6410.64,INSPECTING,INSPECTING,0,1,0,0,0,BLOCKED,FALSE,BLOCKED,TRUE,FALSE,BLOCKED,TRUE,FALSE,0,,0,,,,,
6415.09,INSPECTING,INSPECTING,0,1,0,1,0,WORKING,FALSE,BLOCKED,TRUE,FALSE,BLOCKED,TRUE,FALSE,0,,0,,,,,
6415.97,INSPECTING,INSPECTING,1,1,0,2,0,WORKING,FALSE,BLOCKED,TRUE,FALSE,BLOCKED,TRUE,FALSE,0,,0,,,,,
6416.26,INSPECTING,INSPECTING,2,1,0,2,0,WORKING,FALSE,BLOCKED,TRUE,FALSE,BLOCKED,TRUE,FALSE,0,,0,,,,,
6423.62,INSPECTING,INSPECTING,1,1,0,2,0,WORKING,FALSE,BLOCKED,TRUE,FALSE,BLOCKED,TRUE,FALSE,0,,0,,,,,
6425.75,INSPECTING,INSPECTING,0,1,0,2,0,WORKING,FALSE,BLOCKED,TRUE,FALSE,BLOCKED,TRUE,FALSE,0,,0,,,,,
6432.31,INSPECTING,INSPECTING,0,1,0,2,0,BLOCKED,FALSE,BLOCKED,TRUE,FALSE,BLOCKED,TRUE,FALSE,0,,0,,,,,
6439.21,INSPECTING,INSPECTING,1,1,0,2,0,WORKING,FALSE,BLOCKED,TRUE,FALSE,BLOCKED,TRUE,FALSE,0,,0,,,,,
6444.76,INSPECTING,INSPECTING,0,1,0,2,0,WORKING,FALSE,BLOCKED,TRUE,FALSE,BLOCKED,TRUE,FALSE,0,,0,,,,,
6445.12,INSPECTING,INSPECTING,0,1,0,2,0,BLOCKED,FALSE,BLOCKED,TRUE,FALSE,BLOCKED,TRUE,FALSE,0,,0,,,,,
6449.48,INSPECTING,INSPECTING,1,1,0,2,0,WORKING,FALSE,BLOCKED,TRUE,FALSE,BLOCKED,TRUE,FALSE,0,,0,,,,,
6452.26,INSPECTING,INSPECTING,1,1,0,2,0,WORKING,FALSE,BLOCKED,TRUE,FALSE,WORKING,FALSE,FALSE,0,,0,,,,,
6452.34,INSPECTING,INSPECTING,0,1,0,2,0,WORKING,FALSE,BLOCKED,TRUE,FALSE,WORKING,FALSE,FALSE,0,,0,,,,,
6454.91,INSPECTING,INSPECTING,0,1,0,2,0,BLOCKED,FALSE,BLOCKED,TRUE,FALSE,WORKING,FALSE,FALSE,0,,0,,,,,
6462.58,INSPECTING,INSPECTING,0,1,0,1,0,BLOCKED,FALSE,BLOCKED,TRUE,FALSE,BLOCKED,TRUE,FALSE,0,,0,,,,,
6466.68,INSPECTING,INSPECTING,0,2,0,1,0,WORKING,FALSE,BLOCKED,TRUE,FALSE,BLOCKED,TRUE,FALSE,0,,0,,,,,
6467.49,INSPECTING,INSPECTING,2,2,0,1,0,WORKING,FALSE,BLOCKED,TRUE,FALSE,BLOCKED,TRUE,FALSE,0,,0,,,,,
6470.7,INSPECTING,INSPECTING,1,2,0,1,0,WORKING,FALSE,BLOCKED,TRUE,FALSE,BLOCKED,TRUE,FALSE,0,,0,,,,,
6471.16,INSPECTING,INSPECTING,0,2,0,1,0,WORKING,FALSE,BLOCKED,TRUE,FALSE,BLOCKED,TRUE,FALSE,0,,0,,,,,
6471.78,INSPECTING,INSPECTING,2,2,0,1,0,WORKING,FALSE,BLOCKED,TRUE,FALSE,BLOCKED,TRUE,FALSE,0,,0,,,,,
6472.69,INSPECTING,INSPECTING,1,2,0,1,0,WORKING,FALSE,BLOCKED,TRUE,FALSE,BLOCKED,TRUE,FALSE,0,,0,,,,,
6472.9,INSPECTING,INSPECTING,2,2,0,1,0,WORKING,FALSE,BLOCKED,TRUE,FALSE,BLOCKED,TRUE,FALSE,0,,0,,,,,
6474.21,BLOCKED,INSPECTING,2,2,0,1,0,WORKING,FALSE,BLOCKED,TRUE,FALSE,BLOCKED,TRUE,FALSE,3.96,,0,,,,,
6478.17,BLOCKED,INSPECTING,1,2,0,1,0,WORKING,FALSE,BLOCKED,TRUE,FALSE,BLOCKED,TRUE,FALSE,0.01,,0,,,,,
6478.18,INSPECTING,INSPECTING,2,2,0,1,0,WORKING,FALSE,BLOCKED,TRUE,FALSE,BLOCKED,TRUE,FALSE,0,,0,,,,,
6478.22,INSPECTING,INSPECTING,2,2,0,1,0,WORKING,FALSE,WORKING,FALSE,FALSE,BLOCKED,TRUE,FALSE,0,,0,,,,,
6479.31,INSPECTING,INSPECTING,2,1,0,1,0,WORKING,FALSE,BLOCKED,TRUE,FALSE,BLOCKED,TRUE,FALSE,0,,0,,,,,
6479.62,INSPECTING,INSPECTING,2,1,0,1,0,WORKING,FALSE,BLOCKED,TRUE,FALSE,WORKING,FALSE,FALSE,0,,0,,,,,
6482.31,INSPECTING,INSPECTING,2,1,0,1,1,WORKING,FALSE,BLOCKED,TRUE,FALSE,WORKING,FALSE,FALSE,0,,0,,,,,
6483.39,INSPECTING,INSPECTING,2,1,0,0,0,WORKING,FALSE,BLOCKED,TRUE,FALSE,WORKING,FALSE,FALSE,0,,0,,,,,
6485.08,INSPECTING,INSPECTING,2,2,0,0,0,WORKING,FALSE,BLOCKED,TRUE,FALSE,WORKING,FALSE,FALSE,0,,0,,,,,
6488.57,INSPECTING,INSPECTING,1,2,0,0,0,WORKING,FALSE,BLOCKED,TRUE,FALSE,WORKING,FALSE,FALSE,0,,0,,,,,
6489.04,INSPECTING,INSPECTING,0,2,0,0,0,WORKING,FALSE,BLOCKED,TRUE,FALSE,WORKING,FALSE,FALSE,0,,0,,,,,
6489.2,INSPECTING,INSPECTING,2,2,0,0,0,WORKING,FALSE,BLOCKED,TRUE,FALSE,WORKING,FALSE,FALSE,0,,0,,,,,
6490.27,INSPECTING,INSPECTING,2,2,0,0,0,WORKING,FALSE,WORKING,FALSE,FALSE,WORKING,FALSE,FALSE,0,,0,,,,,
6490.46,INSPECTING,INSPECTING,1,2,0,0,0,WORKING,FALSE,WORKING,FALSE,FALSE,WORKING,FALSE,FALSE,0,,0,,,,,
6491.21,INSPECTING,INSPECTING,0,2,0,0,0,WORKING,FALSE,WORKING,FALSE,FALSE,WORKING,FALSE,FALSE,0,,0,,,,,
6491.98,INSPECTING,INSPECTING,0,2,0,0,0,BLOCKED,FALSE,WORKING,FALSE,FALSE,WORKING,FALSE,FALSE,0,,0,,,,,
6493.15,INSPECTING,INSPECTING,0,2,0,0,0,BLOCKED,FALSE,WORKING,FALSE,FALSE,BLOCKED,FALSE,FALSE,0,,0,,,,,
6501.88,INSPECTING,INSPECTING,0,1,0,0,0,BLOCKED,FALSE,BLOCKED,TRUE,FALSE,BLOCKED,FALSE,FALSE,0,,0,,,,,
6507.69,INSPECTING,INSPECTING,0,1,0,0,0,BLOCKED,FALSE,BLOCKED,TRUE,FALSE,BLOCKED,FALSE,TRUE,0,,0,,,,,
6507.82,INSPECTING,INSPECTING,0,1,0,0,0,WORKING,FALSE,BLOCKED,TRUE,FALSE,WORKING,FALSE,FALSE,0,,0,,,,,
6507.89,INSPECTING,INSPECTING,1,1,0,1,0,WORKING,FALSE,BLOCKED,TRUE,FALSE,WORKING,FALSE,FALSE,0,,0,,,,,
6509.66,INSPECTING,INSPECTING,1,1,0,0,0,WORKING,FALSE,BLOCKED,TRUE,FALSE,BLOCKED,TRUE,FALSE,0,,0,,,,,
6514.02,INSPECTING,INSPECTING,0,1,0,0,0,WORKING,FALSE,BLOCKED,TRUE,FALSE,BLOCKED,TRUE,FALSE,0,,0,,,,,
6518.93,INSPECTING,INSPECTING,0,1,0,0,0,BLOCKED,FALSE,BLOCKED,TRUE,FALSE,BLOCKED,TRUE,FALSE,0,,0,,,,,
6523.4,INSPECTING,INSPECTING,0,1,0,1,0,WORKING,FALSE,BLOCKED,TRUE,FALSE,BLOCKED,TRUE,FALSE,0,,0,,,,,
6524.37,INSPECTING,INSPECTING,0,1,0,1,0,BLOCKED,FALSE,BLOCKED,TRUE,FALSE,BLOCKED,TRUE,FALSE,0,,0,,,,,
6524.77,INSPECTING,INSPECTING,0,1,0,2,0,WORKING,FALSE,BLOCKED,TRUE,FALSE,BLOCKED,TRUE,FALSE,0,,0,,,,,
6524.91,INSPECTING,INSPECTING,0,1,0,2,0,BLOCKED,FALSE,BLOCKED,TRUE,FALSE,BLOCKED,TRUE,FALSE,0,,0,,,,,
6529.9,INSPECTING,INSPECTING,1,1,0,2,0,WORKING,FALSE,BLOCKED,TRUE,FALSE,BLOCKED,TRUE,FALSE,0,,0,,,,,
6530.63,INSPECTING,INSPECTING,2,1,0,2,0,WORKING,FALSE,BLOCKED,TRUE,FALSE,BLOCKED,TRUE,FALSE,0,,0,,,,,
6533.32,INSPECTING,INSPECTING,1,1,0,2,0,WORKING,FALSE,BLOCKED,TRUE,FALSE,BLOCKED,TRUE,FALSE,0,,0,,,,,
6542.57,INSPECTING,INSPECTING,0,1,0,2,0,WORKING,FALSE,BLOCKED,TRUE,FALSE,BLOCKED,TRUE,FALSE,0,,0,,,,,
6542.72,INSPECTING,INSPECTING,0,1,0,2,0,BLOCKED,FALSE,BLOCKED,TRUE,FALSE,BLOCKED,TRUE,FALSE,0,,0,,,,,
6546.47,INSPECTING,INSPECTING,1,1,0,2,0,WORKING,FALSE,BLOCKED,TRUE,FALSE,BLOCKED,TRUE,FALSE,0,,0,,,,,
6550.22,INSPECTING,INSPECTING,2,1,0,2,0,WORKING,FALSE,BLOCKED,TRUE,FALSE,BLOCKED,TRUE,FALSE,0,,0,,,,,
6555.36,INSPECTING,INSPECTING,2,1,0,2,0,WORKING,FALSE,BLOCKED,TRUE,FALSE,WORKING,FALSE,FALSE,0,,0,,,,,
6556.1,BLOCKED,INSPECTING,2,1,0,2,0,WORKING,FALSE,BLOCKED,TRUE,FALSE,WORKING,FALSE,FALSE,1.29,,0,,,,,
6557.39,BLOCKED,INSPECTING,1,1,0,2,0,WORKING,FALSE,BLOCKED,TRUE,FALSE,WORKING,FALSE,FALSE,0.01,,0,,,,,
6557.4,INSPECTING,INSPECTING,2,1,0,2,0,WORKING,FALSE,BLOCKED,TRUE,FALSE,WORKING,FALSE,FALSE,0,,0,,,,,
6557.63,INSPECTING,INSPECTING,2,1,0,2,1,WORKING,FALSE,BLOCKED,TRUE,FALSE,WORKING,FALSE,FALSE,0,,0,,,,,
6560.33,INSPECTING,INSPECTING,1,1,0,2,1,WORKING,FALSE,BLOCKED,TRUE,FALSE,WORKING,FALSE,FALSE,0,,0,,,,,
6561.63,INSPECTING,INSPECTING,1,1,0,1,0,WORKING,FALSE,BLOCKED,TRUE,FALSE,WORKING,FALSE,FALSE,0,,0,,,,,
6562.93,INSPECTING,INSPECTING,2,2,0,1,0,WORKING,FALSE,BLOCKED,TRUE,FALSE,WORKING,FALSE,FALSE,0,,0,,,,,
6563.05,INSPECTING,INSPECTING,1,2,0,1,0,WORKING,FALSE,BLOCKED,TRUE,FALSE,WORKING,FALSE,FALSE,0,,0,,,,,
6564.65,INSPECTING,INSPECTING,1,2,0,1,0,WORKING,FALSE,WORKING,FALSE,FALSE,WORKING,FALSE,FALSE,0,,0,,,,,
6564.84,INSPECTING,INSPECTING,1,2,0,0,0,WORKING,FALSE,WORKING,FALSE,FALSE,BLOCKED,TRUE,FALSE,0,,0,,,,,
6564.88,INSPECTING,INSPECTING,0,2,0,0,0,WORKING,FALSE,WORKING,FALSE,FALSE,BLOCKED,TRUE,FALSE,0,,0,,,,,
6570.52,INSPECTING,INSPECTING,0,2,0,0,0,BLOCKED,FALSE,WORKING,FALSE,FALSE,BLOCKED,TRUE,FALSE,0,,0,,,,,
6572.29,INSPECTING,INSPECTING,0,1,0,0,0,BLOCKED,FALSE,BLOCKED,TRUE,FALSE,BLOCKED,TRUE,FALSE,0,,0,,,,,
6577.05,INSPECTING,INSPECTING,0,2,0,0,0,WORKING,FALSE,BLOCKED,TRUE,FALSE,BLOCKED,TRUE,FALSE,0,,0,,,,,
6577.57,INSPECTING,INSPECTING,0,2,0,0,0,BLOCKED,FALSE,BLOCKED,TRUE,FALSE,BLOCKED,TRUE,FALSE,0,,0,,,,,
6585.73,INSPECTING,INSPECTING,1,2,0,0,0,WORKING,FALSE,BLOCKED,TRUE,FALSE,BLOCKED,TRUE,FALSE,0,,0,,,,,
6586.27,INSPECTING,INSPECTING,2,2,0,0,0,WORKING,FALSE,BLOCKED,TRUE,FALSE,BLOCKED,TRUE,FALSE,0,,0,,,,,
6587.5,INSPECTING,INSPECTING,1,2,0,0,0,WORKING,FALSE,BLOCKED,TRUE,FALSE,BLOCKED,TRUE,FALSE,0,,0,,,,,
6591.46,INSPECTING,INSPECTING,2,2,0,0,0,WORKING,FALSE,BLOCKED,TRUE,FALSE,BLOCKED,TRUE,FALSE,0,,0,,,,,
6592.36,INSPECTING,INSPECTING,1,2,0,0,0,WORKING,FALSE,BLOCKED,TRUE,FALSE,BLOCKED,TRUE,FALSE,0,,0,,,,,
6592.67,INSPECTING,INSPECTING,0,2,0,0,0,WORKING,FALSE,BLOCKED,TRUE,FALSE,BLOCKED,TRUE,FALSE,0,,0,,,,,
6597.97,INSPECTING,INSPECTING,0,2,0,0,0,WORKING,FALSE,WORKING,FALSE,FALSE,BLOCKED,TRUE,FALSE,0,,0,,,,,
6604.73,INSPECTING,INSPECTING,0,2,0,0,0,BLOCKED,FALSE,WORKING,FALSE,FALSE,BLOCKED,TRUE,FALSE,0,,0,,,,,
6609.14,INSPECTING,INSPECTING,0,2,0,0,0,BLOCKED,FALSE,WORKING,FALSE,FALSE,WORKING,FALSE,FALSE,0,,0,,,,,
6619.35,INSPECTING,INSPECTING,1,2,0,0,0,WORKING,FALSE,WORKING,FALSE,FALSE,WORKING,FALSE,FALSE,0,,0,,,,,
6619.64,INSPECTING,INSPECTING,1,1,0,0,0,WORKING,FALSE,BLOCKED,TRUE,FALSE,WORKING,FALSE,FALSE,0,,0,,,,,
6619.67,INSPECTING,INSPECTING,2,2,0,0,0,WORKING,FALSE,BLOCKED,TRUE,FALSE,WORKING,FALSE,FALSE,0,,0,,,,,
6622.35,INSPECTING,INSPECTING,1,2,0,0,0,WORKING,FALSE,BLOCKED,TRUE,FALSE,WORKING,FALSE,FALSE,0,,0,,,,,
6623.58,INSPECTING,INSPECTING,1,2,0,0,0,WORKING,FALSE,BLOCKED,TRUE,FALSE,BLOCKED,FALSE,FALSE,0,,0,,,,,
6627.05,INSPECTING,INSPECTING,2,2,0,0,0,WORKING,FALSE,BLOCKED,TRUE,FALSE,BLOCKED,FALSE,FALSE,0,,0,,,,,
6634.41,INSPECTING,INSPECTING,1,2,0,0,0,WORKING,FALSE,BLOCKED,TRUE,FALSE,BLOCKED,FALSE,FALSE,0,,0,,,,,
6635.92,INSPECTING,INSPECTING,1,2,0,0,0,WORKING,FALSE,WORKING,FALSE,FALSE,BLOCKED,FALSE,FALSE,0,,0,,,,,
6636.25,INSPECTING,INSPECTING,1,2,0,0,0,WORKING,FALSE,WORKING,FALSE,FALSE,BLOCKED,FALSE,TRUE,0,,0,,,,,
6636.47,INSPECTING,INSPECTING,0,2,0,0,0,WORKING,FALSE,WORKING,FALSE,FALSE,BLOCKED,FALSE,TRUE,0,,0,,,,,
6639.22,INSPECTING,INSPECTING,0,2,0,0,0,BLOCKED,FALSE,WORKING,FALSE,FALSE,BLOCKED,FALSE,TRUE,0,,0,,,,,
6639.28,INSPECTING,INSPECTING,0,2,0,0,0,WORKING,FALSE,WORKING,FALSE,FALSE,WORKING,FALSE,FALSE,0,,0,,,,,
6640.14,INSPECTING,INSPECTING,0,2,0,0,0,BLOCKED,FALSE,WORKING,FALSE,FALSE,WORKING,FALSE,FALSE,0,,0,,,,,
6644.41,INSPECTING,INSPECTING,0,1,0,0,0,BLOCKED,FALSE,BLOCKED,TRUE,FALSE,WORKING,FALSE,FALSE,0,,0,,,,,
6647.06,INSPECTING,INSPECTING,0,1,0,0,0,BLOCKED,FALSE,BLOCKED,TRUE,FALSE,BLOCKED,FALSE,FALSE,0,,0,,,,,
6650.95,INSPECTING,INSPECTING,0,1,0,0,0,WORKING,FALSE,BLOCKED,TRUE,FALSE,BLOCKED,TRUE,FALSE,0,,0,,,,,
6653.5,INSPECTING,INSPECTING,1,1,0,1,0,WORKING,FALSE,BLOCKED,TRUE,FALSE,BLOCKED,TRUE,FALSE,0,,0,,,,,
6655.15,INSPECTING,INSPECTING,0,1,0,1,0,WORKING,FALSE,BLOCKED,TRUE,FALSE,BLOCKED,TRUE,FALSE,0,,0,,,,,
6657.93,INSPECTING,INSPECTING,0,1,0,1,0,BLOCKED,FALSE,BLOCKED,TRUE,FALSE,BLOCKED,TRUE,FALSE,0,,0,,,,,
6661.98,INSPECTING,INSPECTING,0,1,0,2,0,WORKING,FALSE,BLOCKED,TRUE,FALSE,BLOCKED,TRUE,FALSE,0,,0,,,,,
6663.13,INSPECTING,INSPECTING,0,1,0,2,0,WORKING,FALSE,BLOCKED,TRUE,FALSE,WORKING,FALSE,FALSE,0,,0,,,,,
6666.38,INSPECTING,INSPECTING,2,1,0,2,0,WORKING,FALSE,BLOCKED,TRUE,FALSE,WORKING,FALSE,FALSE,0,,0,,,,,
6666.76,BLOCKED,INSPECTING,2,1,0,2,0,WORKING,FALSE,BLOCKED,TRUE,FALSE,WORKING,FALSE,FALSE,0.96,,0,,,,,
6667.72,BLOCKED,INSPECTING,1,1,0,2,0,WORKING,FALSE,BLOCKED,TRUE,FALSE,WORKING,FALSE,FALSE,0.01,,0,,,,,
6667.73,INSPECTING,INSPECTING,2,1,0,2,0,WORKING,FALSE,BLOCKED,TRUE,FALSE,WORKING,FALSE,FALSE,0,,0,,,,,
6677.53,INSPECTING,INSPECTING,2,1,0,2,1,WORKING,FALSE,BLOCKED,TRUE,FALSE,WORKING,FALSE,FALSE,0,,0,,,,,
6679.27,INSPECTING,INSPECTING,2,1,0,1,0,WORKING,FALSE,BLOCKED,TRUE,FALSE,WORKING,FALSE,FALSE,0,,0,,,,,
6680.97,INSPECTING,INSPECTING,2,1,0,2,0,WORKING,FALSE,BLOCKED,TRUE,FALSE,WORKING,FALSE,FALSE,0,,0,,,,,
6682.62,INSPECTING,INSPECTING,2,1,0,1,0,WORKING,FALSE,BLOCKED,TRUE,FALSE,BLOCKED,TRUE,FALSE,0,,0,,,,,
6691.41,INSPECTING,INSPECTING,1,1,0,1,0,WORKING,FALSE,BLOCKED,TRUE,FALSE,BLOCKED,TRUE,FALSE,0,,0,,,,,
6692.85,INSPECTING,INSPECTING,1,1,0,1,0,WORKING,FALSE,BLOCKED,TRUE,FALSE,WORKING,FALSE,FALSE,0,,0,,,,,
6693.22,INSPECTING,INSPECTING,0,1,0,1,0,WORKING,FALSE,BLOCKED,TRUE,FALSE,WORKING,FALSE,FALSE,0,,0,,,,,
6693.77,INSPECTING,INSPECTING,0,1,0,1,0,WORKING,FALSE,WORKING,FALSE,FALSE,WORKING,FALSE,FALSE,0,,0,,,,,
6694.53,INSPECTING,INSPECTING,1,2,0,1,0,WORKING,FALSE,WORKING,FALSE,FALSE,WORKING,FALSE,FALSE,0,,0,,,,,
6695.6,INSPECTING,INSPECTING,2,2,0,1,0,WORKING,FALSE,WORKING,FALSE,FALSE,WORKING,FALSE,FALSE,0,,0,,,,,
6697.61,INSPECTING,INSPECTING,1,2,0,1,0,WORKING,FALSE,WORKING,FALSE,FALSE,WORKING,FALSE,FALSE,0,,0,,,,,
6698.78,INSPECTING,INSPECTING,1,2,1,1,0,WORKING,FALSE,WORKING,FALSE,FALSE,WORKING,FALSE,FALSE,0,,0,,,,,
6699.31,INSPECTING,INSPECTING,1,1,0,1,0,WORKING,FALSE,WORKING,FALSE,FALSE,WORKING,FALSE,FALSE,0,,0,,,,,
6699.95,INSPECTING,INSPECTING,1,1,1,1,0,WORKING,FALSE,WORKING,FALSE,FALSE,WORKING,FALSE,FALSE,0,,0,,,,,
6700.7,INSPECTING,INSPECTING,0,1,1,1,0,WORKING,FALSE,WORKING,FALSE,FALSE,WORKING,FALSE,FALSE,0,,0,,,,,
6703.06,INSPECTING,INSPECTING,0,1,1,1,0,BLOCKED,FALSE,WORKING,FALSE,FALSE,WORKING,FALSE,FALSE,0,,0,,,,,
6703.65,INSPECTING,INSPECTING,0,0,0,1,0,BLOCKED,FALSE,WORKING,FALSE,FALSE,WORKING,FALSE,FALSE,0,,0,,,,,
6714.15,INSPECTING,INSPECTING,0,0,0,0,0,BLOCKED,FALSE,WORKING,FALSE,FALSE,BLOCKED,TRUE,FALSE,0,,0,,,,,
6717.03,INSPECTING,INSPECTING,0,0,0,0,0,BLOCKED,FALSE,BLOCKED,FALSE,FALSE,BLOCKED,TRUE,FALSE,0,,0,,,,,
6721.08,INSPECTING,INSPECTING,0,0,0,0,0,BLOCKED,FALSE,BLOCKED,FALSE,TRUE,BLOCKED,TRUE,FALSE,0,,0,,,,,
6727.12,INSPECTING,INSPECTING,0,0,0,0,0,BLOCKED,FALSE,BLOCKED,FALSE,TRUE,WORKING,FALSE,FALSE,0,,0,,,,,
6743.15,INSPECTING,INSPECTING,0,0,0,0,0,WORKING,FALSE,WORKING,FALSE,FALSE,WORKING,FALSE,FALSE,0,,0,,,,,
6745.15,INSPECTING,INSPECTING,1,0,0,1,0,WORKING,FALSE,WORKING,FALSE,FALSE,WORKING,FALSE,FALSE,0,,0,,,,,
6746.16,INSPECTING,INSPECTING,1,0,0,0,0,WORKING,FALSE,WORKING,FALSE,FALSE,BLOCKED,TRUE,FALSE,0,,0,,,,,
6756.42,INSPECTING,INSPECTING,2,0,0,1,0,WORKING,FALSE,WORKING,FALSE,FALSE,BLOCKED,TRUE,FALSE,0,,0,,,,,
6757.12,INSPECTING,INSPECTING,2,0,0,1,0,WORKING,FALSE,WORKING,FALSE,FALSE,WORKING,FALSE,FALSE,0,,0,,,,,
6757.33,INSPECTING,INSPECTING,2,0,0,0,0,WORKING,FALSE,WORKING,FALSE,FALSE,BLOCKED,TRUE,FALSE,0,,0,,,,,
6757.46,INSPECTING,INSPECTING,1,0,0,0,0,WORKING,FALSE,WORKING,FALSE,FALSE,BLOCKED,TRUE,FALSE,0,,0,,,,,
6758.56,INSPECTING,INSPECTING,1,0,0,0,0,WORKING,FALSE,WORKING,FALSE,FALSE,WORKING,FALSE,FALSE,0,,0,,,,,
6758.83,INSPECTING,INSPECTING,1,0,0,0,0,WORKING,FALSE,BLOCKED,FALSE,FALSE,WORKING,FALSE,FALSE,0,,0,,,,,
6759.5,INSPECTING,INSPECTING,0,0,0,0,0,WORKING,FALSE,BLOCKED,FALSE,FALSE,WORKING,FALSE,FALSE,0,,0,,,,,
6762.36,INSPECTING,INSPECTING,0,0,0,0,0,WORKING,FALSE,BLOCKED,FALSE,FALSE,BLOCKED,FALSE,FALSE,0,,0,,,,,
6775.25,INSPECTING,INSPECTING,1,0,0,0,0,WORKING,FALSE,BLOCKED,FALSE,FALSE,BLOCKED,TRUE,FALSE,0,,0,,,,,
6781.38,INSPECTING,INSPECTING,0,0,0,0,0,WORKING,FALSE,BLOCKED,FALSE,FALSE,BLOCKED,TRUE,FALSE,0,,0,,,,,
6781.57,INSPECTING,INSPECTING,0,0,0,0,0,BLOCKED,FALSE,BLOCKED,FALSE,FALSE,BLOCKED,TRUE,FALSE,0,,0,,,,,
6785.6,INSPECTING,INSPECTING,0,0,0,0,0,BLOCKED,FALSE,BLOCKED,FALSE,FALSE,WORKING,FALSE,FALSE,0,,0,,,,,
6789.85,INSPECTING,INSPECTING,0,0,0,0,0,BLOCKED,FALSE,BLOCKED,FALSE,FALSE,BLOCKED,FALSE,FALSE,0,,0,,,,,
6796.85,INSPECTING,INSPECTING,0,0,0,0,0,WORKING,FALSE,BLOCKED,FALSE,FALSE,BLOCKED,TRUE,FALSE,0,,0,,,,,
6797.22,INSPECTING,INSPECTING,0,0,0,0,0,BLOCKED,FALSE,BLOCKED,FALSE,FALSE,BLOCKED,TRUE,FALSE,0,,0,,,,,
6797.32,INSPECTING,INSPECTING,0,0,0,0,0,BLOCKED,FALSE,BLOCKED,FALSE,FALSE,WORKING,FALSE,FALSE,0,,0,,,,,
6797.41,INSPECTING,INSPECTING,0,0,0,0,0,BLOCKED,FALSE,BLOCKED,FALSE,FALSE,BLOCKED,FALSE,FALSE,0,,0,,,,,
6797.52,INSPECTING,INSPECTING,0,0,0,0,0,WORKING,FALSE,BLOCKED,TRUE,FALSE,BLOCKED,FALSE,FALSE,0,,0,,,,,
6802.89,INSPECTING,INSPECTING,1,1,0,0,0,WORKING,FALSE,BLOCKED,TRUE,FALSE,BLOCKED,FALSE,FALSE,0,,0,,,,,
6807.62,INSPECTING,INSPECTING,0,1,0,0,0,WORKING,FALSE,BLOCKED,TRUE,FALSE,BLOCKED,FALSE,FALSE,0,,0,,,,,
6808.55,INSPECTING,INSPECTING,0,1,0,0,0,BLOCKED,FALSE,BLOCKED,TRUE,FALSE,BLOCKED,FALSE,FALSE,0,,0,,,,,
6808.75,INSPECTING,INSPECTING,0,1,0,0,0,BLOCKED,FALSE,WORKING,FALSE,FALSE,BLOCKED,FALSE,FALSE,0,,0,,,,,
6808.8,INSPECTING,INSPECTING,0,0,0,0,0,BLOCKED,FALSE,BLOCKED,TRUE,FALSE,BLOCKED,FALSE,FALSE,0,,0,,,,,
6816.2,INSPECTING,INSPECTING,0,0,0,0,0,BLOCKED,FALSE,BLOCKED,TRUE,FALSE,BLOCKED,FALSE,TRUE,0,,0,,,,,
6816.8,INSPECTING,INSPECTING,0,0,0,0,1,BLOCKED,FALSE,BLOCKED,TRUE,FALSE,BLOCKED,FALSE,TRUE,0,,0,,,,,
6819.69,INSPECTING,INSPECTING,0,0,0,0,1,WORKING,FALSE,BLOCKED,TRUE,FALSE,WORKING,FALSE,FALSE,0,,0,,,,,
6820.59,INSPECTING,INSPECTING,0,0,0,0,1,BLOCKED,FALSE,BLOCKED,TRUE,FALSE,WORKING,FALSE,FALSE,0,,0,,,,,
6827.06,INSPECTING,INSPECTING,0,0,0,0,0,BLOCKED,FALSE,BLOCKED,TRUE,FALSE,BLOCKED,FALSE,TRUE,0,,0,,,,,
6827.75,INSPECTING,INSPECTING,0,0,0,0,0,WORKING,FALSE,BLOCKED,TRUE,FALSE,WORKING,FALSE,FALSE,0,,0,,,,,
6828.07,INSPECTING,INSPECTING,0,0,0,0,0,BLOCKED,FALSE,BLOCKED,TRUE,FALSE,WORKING,FALSE,FALSE,0,,0,,,,,
6828.85,INSPECTING,INSPECTING,0,0,0,1,0,WORKING,FALSE,BLOCKED,TRUE,FALSE,WORKING,FALSE,FALSE,0,,0,,,,,
6831.97,INSPECTING,INSPECTING,0,0,0,1,0,BLOCKED,FALSE,BLOCKED,TRUE,FALSE,WORKING,FALSE,FALSE,0,,0,,,,,
6839.43,INSPECTING,INSPECTING,0,0,0,1,1,BLOCKED,FALSE,BLOCKED,TRUE,FALSE,WORKING,FALSE,FALSE,0,,0,,,,,
6841.03,INSPECTING,INSPECTING,0,1,0,1,1,WORKING,FALSE,BLOCKED,TRUE,FALSE,WORKING,FALSE,FALSE,0,,0,,,,,
6841.37,INSPECTING,INSPECTING,0,1,0,1,1,BLOCKED,FALSE,BLOCKED,TRUE,FALSE,WORKING,FALSE,FALSE,0,,0,,,,,
6843.09,INSPECTING,INSPECTING,0,1,0,1,1,BLOCKED,FALSE,WORKING,FALSE,FALSE,WORKING,FALSE,FALSE,0,,0,,,,,
6852.06,INSPECTING,INSPECTING,0,1,0,0,0,BLOCKED,FALSE,WORKING,FALSE,FALSE,WORKING,FALSE,FALSE,0,,0,,,,,
6852.97,INSPECTING,INSPECTING,0,2,0,0,0,WORKING,FALSE,WORKING,FALSE,FALSE,WORKING,FALSE,FALSE,0,,0,,,,,
6853.91,INSPECTING,INSPECTING,0,2,0,0,0,BLOCKED,FALSE,WORKING,FALSE,FALSE,WORKING,FALSE,FALSE,0,,0,,,,,
6854.74,INSPECTING,INSPECTING,1,2,0,0,0,WORKING,FALSE,WORKING,FALSE,FALSE,WORKING,FALSE,FALSE,0,,0,,,,,
6855.4,INSPECTING,INSPECTING,1,2,1,0,0,WORKING,FALSE,WORKING,FALSE,FALSE,WORKING,FALSE,FALSE,0,,0,,,,,
6855.75,INSPECTING,INSPECTING,1,1,0,0,0,WORKING,FALSE,WORKING,FALSE,FALSE,WORKING,FALSE,FALSE,0,,0,,,,,
6860.54,INSPECTING,INSPECTING,1,1,0,0,1,WORKING,FALSE,WORKING,FALSE,FALSE,WORKING,FALSE,FALSE,0,,0,,,,,
6865.69,INSPECTING,INSPECTING,1,1,0,0,0,WORKING,FALSE,WORKING,FALSE,FALSE,BLOCKED,FALSE,TRUE,0,,0,,,,,
6871.72,INSPECTING,INSPECTING,2,1,0,0,0,WORKING,FALSE,WORKING,FALSE,FALSE,WORKING,FALSE,FALSE,0,,0,,,,,
6872.74,INSPECTING,INSPECTING,2,2,0,0,0,WORKING,FALSE,WORKING,FALSE,FALSE,WORKING,FALSE,FALSE,0,,0,,,,,
6877.16,INSPECTING,INSPECTING,2,2,1,0,0,WORKING,FALSE,WORKING,FALSE,FALSE,WORKING,FALSE,FALSE,0,,0,,,,,
6878.86,INSPECTING,INSPECTING,2,2,1,0,0,WORKING,FALSE,WORKING,FALSE,FALSE,BLOCKED,FALSE,FALSE,0,,0,,,,,
6878.9,INSPECTING,INSPECTING,1,2,1,0,0,WORKING,FALSE,WORKING,FALSE,FALSE,BLOCKED,FALSE,FALSE,0,,0,,,,,
6879.86,INSPECTING,INSPECTING,0,2,1,0,0,WORKING,FALSE,WORKING,FALSE,FALSE,BLOCKED,FALSE,FALSE,0,,0,,,,,
6880,INSPECTING,INSPECTING,0,2,1,0,0,BLOCKED,FALSE,WORKING,FALSE,FALSE,BLOCKED,FALSE,FALSE,0,,0,,,,,
6882.2,INSPECTING,INSPECTING,1,2,1,0,0,WORKING,FALSE,WORKING,FALSE,FALSE,BLOCKED,FALSE,FALSE,0,,0,,,,,
6884.1,INSPECTING,INSPECTING,0,2,1,0,0,WORKING,FALSE,WORKING,FALSE,FALSE,BLOCKED,FALSE,FALSE,0,,0,,,,,
6885.08,INSPECTING,INSPECTING,0,2,1,0,0,BLOCKED,FALSE,WORKING,FALSE,FALSE,BLOCKED,FALSE,FALSE,0,,0,,,,,
6890.03,INSPECTING,INSPECTING,0,1,0,0,0,BLOCKED,FALSE,WORKING,FALSE,FALSE,BLOCKED,FALSE,FALSE,0,,0,,,,,
6890.55,INSPECTING,INSPECTING,0,1,1,0,0,BLOCKED,FALSE,WORKING,FALSE,FALSE,BLOCKED,FALSE,FALSE,0,,0,,,,,
6898.21,INSPECTING,INSPECTING,0,2,1,0,0,WORKING,FALSE,WORKING,FALSE,FALSE,BLOCKED,FALSE,FALSE,0,,0,,,,,
6899.42,INSPECTING,INSPECTING,0,2,2,0,0,WORKING,FALSE,WORKING,FALSE,FALSE,BLOCKED,FALSE,FALSE,0,,0,,,,,
6904.92,INSPECTING,INSPECTING,0,2,2,0,0,BLOCKED,FALSE,WORKING,FALSE,FALSE,BLOCKED,FALSE,FALSE,0,,0,,,,,
6905.74,INSPECTING,INSPECTING,0,1,1,0,0,BLOCKED,FALSE,WORKING,FALSE,FALSE,BLOCKED,FALSE,FALSE,0,,0,,,,,
6912.1,INSPECTING,INSPECTING,0,0,0,0,0,BLOCKED,FALSE,WORKING,FALSE,FALSE,BLOCKED,FALSE,FALSE,0,,0,,,,,
6913.49,INSPECTING,INSPECTING,0,0,0,0,0,BLOCKED,FALSE,BLOCKED,FALSE,FALSE,BLOCKED,FALSE,FALSE,0,,0,,,,,
6917.28,INSPECTING,INSPECTING,0,0,0,0,0,BLOCKED,FALSE,BLOCKED,FALSE,FALSE,BLOCKED,FALSE,TRUE,0,,0,,,,,
6918.45,INSPECTING,INSPECTING,0,0,0,0,1,BLOCKED,FALSE,BLOCKED,FALSE,FALSE,BLOCKED,FALSE,TRUE,0,,0,,,,,
6930.29,INSPECTING,INSPECTING,0,0,0,0,2,BLOCKED,FALSE,BLOCKED,FALSE,FALSE,BLOCKED,FALSE,TRUE,0,,0,,,,,
6932.32,INSPECTING,INSPECTING,0,0,0,0,2,WORKING,FALSE,BLOCKED,FALSE,FALSE,WORKING,FALSE,FALSE,0,,0,,,,,
6932.52,INSPECTING,INSPECTING,0,0,0,0,2,BLOCKED,FALSE,BLOCKED,FALSE,FALSE,WORKING,FALSE,FALSE,0,,0,,,,,
6938.71,INSPECTING,INSPECTING,0,0,0,1,2,WORKING,FALSE,BLOCKED,FALSE,FALSE,WORKING,FALSE,FALSE,0,,0,,,,,
6939.84,INSPECTING,INSPECTING,1,0,0,2,2,WORKING,FALSE,BLOCKED,FALSE,FALSE,WORKING,FALSE,FALSE,0,,0,,,,,
6940.83,INSPECTING,INSPECTING,0,0,0,2,2,WORKING,FALSE,BLOCKED,FALSE,FALSE,WORKING,FALSE,FALSE,0,,0,,,,,
6944.88,INSPECTING,INSPECTING,0,0,0,1,1,WORKING,FALSE,BLOCKED,FALSE,FALSE,WORKING,FALSE,FALSE,0,,0,,,,,
6945.38,INSPECTING,INSPECTING,1,0,0,2,1,WORKING,FALSE,BLOCKED,FALSE,FALSE,WORKING,FALSE,FALSE,0,,0,,,,,
6948.99,INSPECTING,INSPECTING,0,0,0,2,1,WORKING,FALSE,BLOCKED,FALSE,FALSE,WORKING,FALSE,FALSE,0,,0,,,,,
6949.35,INSPECTING,INSPECTING,0,0,0,1,0,WORKING,FALSE,BLOCKED,FALSE,FALSE,WORKING,FALSE,FALSE,0,,0,,,,,
6949.89,INSPECTING,INSPECTING,1,0,0,2,0,WORKING,FALSE,BLOCKED,FALSE,FALSE,WORKING,FALSE,FALSE,0,,0,,,,,
6951.21,INSPECTING,INSPECTING,0,0,0,2,0,WORKING,FALSE,BLOCKED,FALSE,FALSE,WORKING,FALSE,FALSE,0,,0,,,,,
6951.4,INSPECTING,INSPECTING,0,0,0,2,0,BLOCKED,FALSE,BLOCKED,FALSE,FALSE,WORKING,FALSE,FALSE,0,,0,,,,,
6953.3,INSPECTING,INSPECTING,0,0,0,1,0,BLOCKED,FALSE,BLOCKED,FALSE,FALSE,BLOCKED,TRUE,FALSE,0,,0,,,,,
6961.42,INSPECTING,INSPECTING,0,0,0,2,0,WORKING,FALSE,BLOCKED,FALSE,FALSE,BLOCKED,TRUE,FALSE,0,,0,,,,,
6962.04,INSPECTING,INSPECTING,0,0,0,2,0,BLOCKED,FALSE,BLOCKED,FALSE,FALSE,BLOCKED,TRUE,FALSE,0,,0,,,,,
6975.64,INSPECTING,INSPECTING,0,0,0,2,0,BLOCKED,FALSE,BLOCKED,FALSE,FALSE,WORKING,FALSE,FALSE,0,,0,,,,,
6976.09,INSPECTING,INSPECTING,0,0,0,2,0,WORKING,FALSE,BLOCKED,TRUE,FALSE,WORKING,FALSE,FALSE,0,,0,,,,,
6976.43,INSPECTING,INSPECTING,0,0,0,1,0,WORKING,FALSE,BLOCKED,TRUE,FALSE,BLOCKED,TRUE,FALSE,0,,0,,,,,
6976.9,INSPECTING,INSPECTING,0,0,0,1,0,WORKING,FALSE,WORKING,FALSE,FALSE,BLOCKED,TRUE,FALSE,0,,0,,,,,
6977.84,INSPECTING,INSPECTING,0,0,0,1,0,BLOCKED,FALSE,WORKING,FALSE,FALSE,BLOCKED,TRUE,FALSE,0,,0,,,,,
6981.83,INSPECTING,INSPECTING,0,1,0,1,0,WORKING,FALSE,WORKING,FALSE,FALSE,BLOCKED,TRUE,FALSE,0,,0,,,,,
6983.03,INSPECTING,INSPECTING,0,0,0,1,0,WORKING,FALSE,BLOCKED,TRUE,FALSE,BLOCKED,TRUE,FALSE,0,,0,,,,,
6986.19,INSPECTING,INSPECTING,1,1,0,1,0,WORKING,FALSE,BLOCKED,TRUE,FALSE,BLOCKED,TRUE,FALSE,0,,0,,,,,
6988.4,INSPECTING,INSPECTING,2,2,0,1,0,WORKING,FALSE,BLOCKED,TRUE,FALSE,BLOCKED,TRUE,FALSE,0,,0,,,,,
6991.27,INSPECTING,INSPECTING,2,2,0,1,0,WORKING,FALSE,WORKING,FALSE,FALSE,BLOCKED,TRUE,FALSE,0,,0,,,,,
6992.57,BLOCKED,INSPECTING,2,2,0,1,0,WORKING,FALSE,WORKING,FALSE,FALSE,BLOCKED,TRUE,FALSE,2.64,,0,,,,,
6995.21,BLOCKED,INSPECTING,2,1,0,1,0,WORKING,FALSE,BLOCKED,TRUE,FALSE,BLOCKED,TRUE,FALSE,0.01,,0,,,,,
6995.22,INSPECTING,INSPECTING,2,2,0,1,0,WORKING,FALSE,BLOCKED,TRUE,FALSE,BLOCKED,TRUE,FALSE,0,,0,,,,,
6997.01,BLOCKED,INSPECTING,2,2,0,1,0,WORKING,FALSE,BLOCKED,TRUE,FALSE,BLOCKED,TRUE,FALSE,5.03,,0,,,,,
7002.04,BLOCKED,INSPECTING,2,2,0,1,0,WORKING,FALSE,WORKING,FALSE,FALSE,BLOCKED,TRUE,FALSE,0.01,,0,,,,,
7002.05,INSPECTING,INSPECTING,2,2,0,2,0,WORKING,FALSE,WORKING,FALSE,FALSE,BLOCKED,TRUE,FALSE,0,,0,,,,,
7002.32,INSPECTING,INSPECTING,2,1,0,2,0,WORKING,FALSE,BLOCKED,TRUE,FALSE,BLOCKED,TRUE,FALSE,0,,0,,,,,
7003.64,INSPECTING,INSPECTING,1,1,0,2,0,WORKING,FALSE,BLOCKED,TRUE,FALSE,BLOCKED,TRUE,FALSE,0,,0,,,,,
7008.5,INSPECTING,INSPECTING,0,1,0,2,0,WORKING,FALSE,BLOCKED,TRUE,FALSE,BLOCKED,TRUE,FALSE,0,,0,,,,,
7009.63,INSPECTING,INSPECTING,0,1,0,2,0,BLOCKED,FALSE,BLOCKED,TRUE,FALSE,BLOCKED,TRUE,FALSE,0,,0,,,,,
7011.8,INSPECTING,INSPECTING,0,1,0,2,0,BLOCKED,FALSE,BLOCKED,TRUE,FALSE,WORKING,FALSE,FALSE,0,,0,,,,,
7027.97,INSPECTING,INSPECTING,0,1,0,1,0,BLOCKED,FALSE,BLOCKED,TRUE,FALSE,BLOCKED,TRUE,FALSE,0,,0,,,,,
7034.88,INSPECTING,INSPECTING,0,1,0,1,0,BLOCKED,FALSE,BLOCKED,TRUE,FALSE,WORKING,FALSE,FALSE,0,,0,,,,,
7035.96,INSPECTING,INSPECTING,0,1,0,2,0,WORKING,FALSE,BLOCKED,TRUE,FALSE,WORKING,FALSE,FALSE,0,,0,,,,,
7037.73,INSPECTING,INSPECTING,0,1,0,1,0,WORKING,FALSE,BLOCKED,TRUE,FALSE,BLOCKED,TRUE,FALSE,0,,0,,,,,
7039.06,INSPECTING,INSPECTING,1,1,0,2,0,WORKING,FALSE,BLOCKED,TRUE,FALSE,BLOCKED,TRUE,FALSE,0,,0,,,,,
7039.14,INSPECTING,INSPECTING,2,1,0,2,0,WORKING,FALSE,BLOCKED,TRUE,FALSE,BLOCKED,TRUE,FALSE,0,,0,,,,,
7048.32,INSPECTING,INSPECTING,1,1,0,2,0,WORKING,FALSE,BLOCKED,TRUE,FALSE,BLOCKED,TRUE,FALSE,0,,0,,,,,
7048.87,INSPECTING,INSPECTING,2,1,0,2,0,WORKING,FALSE,BLOCKED,TRUE,FALSE,BLOCKED,TRUE,FALSE,0,,0,,,,,
7051.4,INSPECTING,INSPECTING,1,1,0,2,0,WORKING,FALSE,BLOCKED,TRUE,FALSE,BLOCKED,TRUE,FALSE,0,,0,,,,,
7057.24,INSPECTING,INSPECTING,2,1,0,2,0,WORKING,FALSE,BLOCKED,TRUE,FALSE,BLOCKED,TRUE,FALSE,0,,0,,,,,
7057.76,INSPECTING,INSPECTING,1,1,0,2,0,WORKING,FALSE,BLOCKED,TRUE,FALSE,BLOCKED,TRUE,FALSE,0,,0,,,,,
7064.89,INSPECTING,INSPECTING,0,1,0,2,0,WORKING,FALSE,BLOCKED,TRUE,FALSE,BLOCKED,TRUE,FALSE,0,,0,,,,,
7065.23,INSPECTING,INSPECTING,0,1,0,2,0,WORKING,FALSE,BLOCKED,TRUE,FALSE,WORKING,FALSE,FALSE,0,,0,,,,,
7069.16,INSPECTING,INSPECTING,0,1,0,2,1,WORKING,FALSE,BLOCKED,TRUE,FALSE,WORKING,FALSE,FALSE,0,,0,,,,,
7069.38,INSPECTING,INSPECTING,0,1,0,2,1,BLOCKED,FALSE,BLOCKED,TRUE,FALSE,WORKING,FALSE,FALSE,0,,0,,,,,
7071.73,INSPECTING,INSPECTING,0,1,0,2,2,BLOCKED,FALSE,BLOCKED,TRUE,FALSE,WORKING,FALSE,FALSE,0,,0,,,,,
7072.59,INSPECTING,INSPECTING,1,1,0,2,2,WORKING,FALSE,BLOCKED,TRUE,FALSE,WORKING,FALSE,FALSE,0,,0,,,,,
7074.66,INSPECTING,INSPECTING,0,1,0,2,2,WORKING,FALSE,BLOCKED,TRUE,FALSE,WORKING,FALSE,FALSE,0,,0,,,,,
7075.38,INSPECTING,INSPECTING,0,1,0,2,2,BLOCKED,FALSE,BLOCKED,TRUE,FALSE,WORKING,FALSE,FALSE,0,,0,,,,,
7077.24,INSPECTING,INSPECTING,1,1,0,2,2,WORKING,FALSE,BLOCKED,TRUE,FALSE,WORKING,FALSE,FALSE,0,,0,,,,,
7080.76,INSPECTING,INSPECTING,2,1,0,2,2,WORKING,FALSE,BLOCKED,TRUE,FALSE,WORKING,FALSE,FALSE,0,,0,,,,,
7081.62,BLOCKED,INSPECTING,2,1,0,2,2,WORKING,FALSE,BLOCKED,TRUE,FALSE,WORKING,FALSE,FALSE,0.05,,0,,,,,
7081.67,BLOCKED,INSPECTING,1,1,0,2,2,WORKING,FALSE,BLOCKED,TRUE,FALSE,WORKING,FALSE,FALSE,0.01,,0,,,,,
7081.68,INSPECTING,INSPECTING,2,1,0,2,2,WORKING,FALSE,BLOCKED,TRUE,FALSE,WORKING,FALSE,FALSE,0,,0,,,,,
7085.15,INSPECTING,INSPECTING,1,1,0,2,2,WORKING,FALSE,BLOCKED,TRUE,FALSE,WORKING,FALSE,FALSE,0,,0,,,,,
7086.33,INSPECTING,INSPECTING,1,1,0,1,1,WORKING,FALSE,BLOCKED,TRUE,FALSE,WORKING,FALSE,FALSE,0,,0,,,,,
7088.47,INSPECTING,INSPECTING,0,1,0,1,1,WORKING,FALSE,BLOCKED,TRUE,FALSE,WORKING,FALSE,FALSE,0,,0,,,,,
7089.91,INSPECTING,INSPECTING,1,1,0,2,1,WORKING,FALSE,BLOCKED,TRUE,FALSE,WORKING,FALSE,FALSE,0,,0,,,,,
7091.31,INSPECTING,INSPECTING,1,1,0,1,0,WORKING,FALSE,BLOCKED,TRUE,FALSE,WORKING,FALSE,FALSE,0,,0,,,,,
7095.12,INSPECTING,INSPECTING,0,1,0,1,0,WORKING,FALSE,BLOCKED,TRUE,FALSE,WORKING,FALSE,FALSE,0,,0,,,,,
7096.84,INSPECTING,INSPECTING,1,1,0,2,0,WORKING,FALSE,BLOCKED,TRUE,FALSE,WORKING,FALSE,FALSE,0,,0,,,,,
7097.32,INSPECTING,INSPECTING,0,1,0,2,0,WORKING,FALSE,BLOCKED,TRUE,FALSE,WORKING,FALSE,FALSE,0,,0,,,,,
7098.19,INSPECTING,INSPECTING,0,1,0,2,0,BLOCKED,FALSE,BLOCKED,TRUE,FALSE,WORKING,FALSE,FALSE,0,,0,,,,,
7101.55,INSPECTING,INSPECTING,1,1,0,2,0,WORKING,FALSE,BLOCKED,TRUE,FALSE,WORKING,FALSE,FALSE,0,,0,,,,,
7107.32,INSPECTING,INSPECTING,0,1,0,2,0,WORKING,FALSE,BLOCKED,TRUE,FALSE,WORKING,FALSE,FALSE,0,,0,,,,,
7110.19,INSPECTING,INSPECTING,0,1,0,2,1,WORKING,FALSE,BLOCKED,TRUE,FALSE,WORKING,FALSE,FALSE,0,,0,,,,,
7114.6,INSPECTING,INSPECTING,0,1,0,2,2,WORKING,FALSE,BLOCKED,TRUE,FALSE,WORKING,FALSE,FALSE,0,,0,,,,,
7115.23,INSPECTING,INSPECTING,0,1,0,2,2,BLOCKED,FALSE,BLOCKED,TRUE,FALSE,WORKING,FALSE,FALSE,0,,0,,,,,
7115.96,INSPECTING,INSPECTING,1,1,0,2,2,WORKING,FALSE,BLOCKED,TRUE,FALSE,WORKING,FALSE,FALSE,0,,0,,,,,
7116.33,INSPECTING,INSPECTING,1,1,0,1,1,WORKING,FALSE,BLOCKED,TRUE,FALSE,WORKING,FALSE,FALSE,0,,0,,,,,
7116.59,INSPECTING,INSPECTING,0,1,0,1,1,WORKING,FALSE,BLOCKED,TRUE,FALSE,WORKING,FALSE,FALSE,0,,0,,,,,
7120.1,INSPECTING,INSPECTING,0,1,0,0,0,WORKING,FALSE,BLOCKED,TRUE,FALSE,WORKING,FALSE,FALSE,0,,0,,,,,
7123.11,INSPECTING,INSPECTING,0,1,0,0,0,WORKING,FALSE,BLOCKED,TRUE,FALSE,BLOCKED,FALSE,FALSE,0,,0,,,,,
7123.18,INSPECTING,INSPECTING,0,1,0,0,0,BLOCKED,FALSE,BLOCKED,TRUE,FALSE,BLOCKED,FALSE,FALSE,0,,0,,,,,
7128.84,INSPECTING,INSPECTING,0,1,0,0,0,WORKING,FALSE,BLOCKED,TRUE,FALSE,BLOCKED,TRUE,FALSE,0,,0,,,,,
7130.64,INSPECTING,INSPECTING,0,1,0,0,0,BLOCKED,FALSE,BLOCKED,TRUE,FALSE,BLOCKED,TRUE,FALSE,0,,0,,,,,
7130.67,INSPECTING,INSPECTING,0,1,0,1,0,WORKING,FALSE,BLOCKED,TRUE,FALSE,BLOCKED,TRUE,FALSE,0,,0,,,,,
7130.98,INSPECTING,INSPECTING,1,1,0,2,0,WORKING,FALSE,BLOCKED,TRUE,FALSE,BLOCKED,TRUE,FALSE,0,,0,,,,,
7131.25,INSPECTING,INSPECTING,2,1,0,2,0,WORKING,FALSE,BLOCKED,TRUE,FALSE,BLOCKED,TRUE,FALSE,0,,0,,,,,
7132.07,INSPECTING,INSPECTING,1,1,0,2,0,WORKING,FALSE,BLOCKED,TRUE,FALSE,BLOCKED,TRUE,FALSE,0,,0,,,,,
7135.09,INSPECTING,INSPECTING,0,1,0,2,0,WORKING,FALSE,BLOCKED,TRUE,FALSE,BLOCKED,TRUE,FALSE,0,,0,,,,,
7135.37,INSPECTING,INSPECTING,0,1,0,2,0,BLOCKED,FALSE,BLOCKED,TRUE,FALSE,BLOCKED,TRUE,FALSE,0,,0,,,,,
7145.58,INSPECTING,INSPECTING,1,1,0,2,0,WORKING,FALSE,BLOCKED,TRUE,FALSE,BLOCKED,TRUE,FALSE,0,,0,,,,,
7146.33,INSPECTING,INSPECTING,1,1,0,2,0,WORKING,FALSE,BLOCKED,TRUE,FALSE,WORKING,FALSE,FALSE,0,,0,,,,,
7146.95,INSPECTING,INSPECTING,2,2,0,2,0,WORKING,FALSE,BLOCKED,TRUE,FALSE,WORKING,FALSE,FALSE,0,,0,,,,,
7153.78,INSPECTING,INSPECTING,2,2,0,1,0,WORKING,FALSE,BLOCKED,TRUE,FALSE,BLOCKED,TRUE,FALSE,0,,0,,,,,
7156.92,BLOCKED,INSPECTING,2,2,0,1,0,WORKING,FALSE,BLOCKED,TRUE,FALSE,BLOCKED,TRUE,FALSE,1.21,,0,,,,,
7158.13,BLOCKED,INSPECTING,2,2,0,1,0,WORKING,FALSE,WORKING,FALSE,FALSE,BLOCKED,TRUE,FALSE,0.01,,0,,,,,
7158.14,INSPECTING,INSPECTING,2,2,0,2,0,WORKING,FALSE,WORKING,FALSE,FALSE,BLOCKED,TRUE,FALSE,0,,0,,,,,
7159.28,INSPECTING,INSPECTING,1,2,0,2,0,WORKING,FALSE,WORKING,FALSE,FALSE,BLOCKED,TRUE,FALSE,0,,0,,,,,
7163.85,INSPECTING,INSPECTING,0,2,0,2,0,WORKING,FALSE,WORKING,FALSE,FALSE,BLOCKED,TRUE,FALSE,0,,0,,,,,
7166.28,INSPECTING,INSPECTING,0,2,0,2,0,BLOCKED,FALSE,WORKING,FALSE,FALSE,BLOCKED,TRUE,FALSE,0,,0,,,,,
7167.65,INSPECTING,INSPECTING,1,2,0,2,0,WORKING,FALSE,WORKING,FALSE,FALSE,BLOCKED,TRUE,FALSE,0,,0,,,,,
7169.23,INSPECTING,INSPECTING,0,2,0,2,0,WORKING,FALSE,WORKING,FALSE,FALSE,BLOCKED,TRUE,FALSE,0,,0,,,,,
7171.02,INSPECTING,INSPECTING,2,2,0,2,0,WORKING,FALSE,WORKING,FALSE,FALSE,BLOCKED,TRUE,FALSE,0,,0,,,,,
7175.1,INSPECTING,INSPECTING,1,2,0,2,0,WORKING,FALSE,WORKING,FALSE,FALSE,BLOCKED,TRUE,FALSE,0,,0,,,,,
7175.7,INSPECTING,INSPECTING,2,2,0,2,0,WORKING,FALSE,WORKING,FALSE,FALSE,BLOCKED,TRUE,FALSE,0,,0,,,,,
7180.65,INSPECTING,INSPECTING,1,2,0,2,0,WORKING,FALSE,WORKING,FALSE,FALSE,BLOCKED,TRUE,FALSE,0,,0,,,,,
7182.29,INSPECTING,INSPECTING,1,1,0,2,0,WORKING,FALSE,BLOCKED,TRUE,FALSE,BLOCKED,TRUE,FALSE,0,,0,,,,,
7182.94,INSPECTING,INSPECTING,0,1,0,2,0,WORKING,FALSE,BLOCKED,TRUE,FALSE,BLOCKED,TRUE,FALSE,0,,0,,,,,
7190.07,INSPECTING,INSPECTING,0,1,0,2,0,BLOCKED,FALSE,BLOCKED,TRUE,FALSE,BLOCKED,TRUE,FALSE,0,,0,,,,,
7192.69,INSPECTING,INSPECTING,1,1,0,2,0,WORKING,FALSE,BLOCKED,TRUE,FALSE,BLOCKED,TRUE,FALSE,0,,0,,,,,
7193,INSPECTING,INSPECTING,2,1,0,2,0,WORKING,FALSE,BLOCKED,TRUE,FALSE,BLOCKED,TRUE,FALSE,0,,0,,,,,
,,,,,,,,,,,,,,,,0,,0,,,,,
,,,,,,,,,,,,,,,,0,,0,,,,,
,,,,,,,,,,,,,,,,0,,0,,,,,
,,,,,,,,,,,,,,,,0,,0,,,,,
,,,,,,,,,,,,,,,,0,,0,,,,,
,,,,,,,,,,,,,,,,0,,0,,,,,
,,,,,,,,,,,,,,,,0,,0,,,,,
,,,,,,,,,,,,,,,,0,,0,,,,,
,,,,,,,,,,,,,,,,0,,0,,,,,
,,,,,,,,,,,,,,,,0,,0,,,,,
,,,,,,,,,,,,,,,,0,,0,,,,,
,,,,,,,,,,,,,,,,0,,0,,,,,
,,,,,,,,,,,,,,,,0,,0,,,,,
,,,,,,,,,,,,,,,,0,,0,,,,,
,,,,,,,,,,,,,,,,0,,0,,,,,
,,,,,,,,,,,,,,,,0,,0,,,,,
,,,,,,,,,,,,,,,,0,,0,,,,,
,,,,,,,,,,,,,,,,0,,0,,,,,
,,,,,,,,,,,,,,,,0,,0,,,,,
,,,,,,,,,,,,,,,,0,,0,,,,,
,,,,,,,,,,,,,,,,0,,0,,,,,
,,,,,,,,,,,,,,,,0,,0,,,,,
,,,,,,,,,,,,,,,,0,,0,,,,,
,,,,,,,,,,,,,,,,0,,0,,,,,
,,,,,,,,,,,,,,,,0,,0,,,,,
,,,,,,,,,,,,,,,,0,,0,,,,,
,,,,,,,,,,,,,,,,0,,0,,,,,
,,,,,,,,,,,,,,,,0,,0,,,,,
,,,,,,,,,,,,,,,,0,,0,,,,,
,,,,,,,,,,,,,,,,0,,0,,,,,
,,,,,,,,,,,,,,,,0,,0,,,,,
,,,,,,,,,,,,,,,,0,,0,,,,,
,,,,,,,,,,,,,,,,0,,0,,,,,
,,,,,,,,,,,,,,,,0,,0,,,,,
,,,,,,,,,,,,,,,,0,,0,,,,,
,,,,,,,,,,,,,,,,0,,0,,,,,
,,,,,,,,,,,,,,,,0,,0,,,,,
,,,,,,,,,,,,,,,,0,,0,,,,,
,,,,,,,,,,,,,,,,0,,0,,,,,
,,,,,,,,,,,,,,,,0,,0,,,,,
,,,,,,,,,,,,,,,,0,,0,,,,,
,,,,,,,,,,,,,,,,0,,0,,,,,
,,,,,,,,,,,,,,,,0,,0,,,,,
,,,,,,,,,,,,,,,,0,,0,,,,,
,,,,,,,,,,,,,,,,0,,0,,,,,
,,,,,,,,,,,,,,,,0,,0,,,,,
,,,,,,,,,,,,,,,,0,,0,,,,,
,,,,,,,,,,,,,,,,0,,0,,,,,
,,,,,,,,,,,,,,,,0,,0,,,,,
,,,,,,,,,,,,,,,,0,,0,,,,,
,,,,,,,,,,,,,,,,0,,0,,,,,
,,,,,,,,,,,,,,,,0,,0,,,,,
,,,,,,,,,,,,,,,,0,,0,,,,,
,,,,,,,,,,,,,,,,0,,0,,,,,
,,,,,,,,,,,,,,,,0,,0,,,,,
,,,,,,,,,,,,,,,,0,,0,,,,,
,,,,,,,,,,,,,,,,0,,0,,,,,
,,,,,,,,,,,,,,,,0,,0,,,,,
,,,,,,,,,,,,,,,,0,,0,,,,,
,,,,,,,,,,,,,,,,0,,0,,,,,
,,,,,,,,,,,,,,,,0,,0,,,,,
,,,,,,,,,,,,,,,,0,,0,,,,,
,,,,,,,,,,,,,,,,0,,0,,,,,
,,,,,,,,,,,,,,,,0,,0,,,,,
,,,,,,,,,,,,,,,,0,,0,,,,,
,,,,,,,,,,,,,,,,0,,0,,,,,
,,,,,,,,,,,,,,,,0,,0,,,,,
,,,,,,,,,,,,,,,,0,,0,,,,,
,,,,,,,,,,,,,,,,0,,0,,,,,
,,,,,,,,,,,,,,,,0,,0,,,,,
,,,,,,,,,,,,,,,,0,,0,,,,,
,,,,,,,,,,,,,,,,0,,0,,,,,
,,,,,,,,,,,,,,,,0,,0,,,,,
,,,,,,,,,,,,,,,,0,,0,,,,,
,,,,,,,,,,,,,,,,0,,0,,,,,
,,,,,,,,,,,,,,,,0,,0,,,,,
,,,,,,,,,,,,,,,,0,,0,,,,,
,,,,,,,,,,,,,,,,0,,0,,,,,
,,,,,,,,,,,,,,,,0,,0,,,,,
,,,,,,,,,,,,,,,,0,,0,,,,,
,,,,,,,,,,,,,,,,0,,0,,,,,
,,,,,,,,,,,,,,,,0,,0,,,,,
,,,,,,,,,,,,,,,,0,,0,,,,,
,,,,,,,,,,,,,,,,0,,0,,,,,
,,,,,,,,,,,,,,,,0,,0,,,,,
,,,,,,,,,,,,,,,,0,,0,,,,,
,,,,,,,,,,,,,,,,0,,0,,,,,
,,,,,,,,,,,,,,,,0,,0,,,,,
,,,,,,,,,,,,,,,,0,,0,,,,,
,,,,,,,,,,,,,,,,0,,0,,,,,
,,,,,,,,,,,,,,,,0,,0,,,,,
,,,,,,,,,,,,,,,,0,,0,,,,,
,,,,,,,,,,,,,,,,0,,0,,,,,
,,,,,,,,,,,,,,,,0,,0,,,,,
,,,,,,,,,,,,,,,,0,,0,,,,,
,,,,,,,,,,,,,,,,0,,0,,,,,
,,,,,,,,,,,,,,,,0,,0,,,,,
,,,,,,,,,,,,,,,,0,,0,,,,,
,,,,,,,,,,,,,,,,0,,0,,,,,
,,,,,,,,,,,,,,,,0,,0,,,,,
,,,,,,,,,,,,,,,,0,,0,,,,,
,,,,,,,,,,,,,,,,0,,0,,,,,
,,,,,,,,,,,,,,,,0,,0,,,,,
,,,,,,,,,,,,,,,,0,,0,,,,,
,,,,,,,,,,,,,,,,0,,0,,,,,
,,,,,,,,,,,,,,,,0,,0,,,,,
,,,,,,,,,,,,,,,,0,,0,,,,,
,,,,,,,,,,,,,,,,0,,0,,,,,
,,,,,,,,,,,,,,,,0,,0,,,,,
,,,,,,,,,,,,,,,,0,,0,,,,,
,,,,,,,,,,,,,,,,0,,0,,,,,
,,,,,,,,,,,,,,,,0,,0,,,,,
,,,,,,,,,,,,,,,,0,,0,,,,,
,,,,,,,,,,,,,,,,0,,0,,,,,
,,,,,,,,,,,,,,,,0,,0,,,,,
,,,,,,,,,,,,,,,,0,,0,,,,,
,,,,,,,,,,,,,,,,0,,0,,,,,
,,,,,,,,,,,,,,,,0,,0,,,,,
,,,,,,,,,,,,,,,,0,,0,,,,,
,,,,,,,,,,,,,,,,0,,0,,,,,
,,,,,,,,,,,,,,,,0,,0,,,,,
,,,,,,,,,,,,,,,,0,,0,,,,,
,,,,,,,,,,,,,,,,0,,0,,,,,
,,,,,,,,,,,,,,,,0,,0,,,,,
,,,,,,,,,,,,,,,,0,,0,,,,,
,,,,,,,,,,,,,,,,0,,0,,,,,
,,,,,,,,,,,,,,,,0,,0,,,,,
,,,,,,,,,,,,,,,,0,,0,,,,,
,,,,,,,,,,,,,,,,0,,0,,,,,
,,,,,,,,,,,,,,,,0,,0,,,,,
,,,,,,,,,,,,,,,,0,,0,,,,,
,,,,,,,,,,,,,,,,0,,0,,,,,
,,,,,,,,,,,,,,,,0,,0,,,,,
,,,,,,,,,,,,,,,,0,,0,,,,,
,,,,,,,,,,,,,,,,0,,0,,,,,
,,,,,,,,,,,,,,,,0,,0,,,,,
,,,,,,,,,,,,,,,,0,,0,,,,,
,,,,,,,,,,,,,,,,0,,0,,,,,
,,,,,,,,,,,,,,,,0,,0,,,,,
,,,,,,,,,,,,,,,,0,,0,,,,,
,,,,,,,,,,,,,,,,0,,0,,,,,
,,,,,,,,,,,,,,,,0,,0,,,,,
,,,,,,,,,,,,,,,,0,,0,,,,,
,,,,,,,,,,,,,,,,0,,0,,,,,
,,,,,,,,,,,,,,,,0,,0,,,,,
,,,,,,,,,,,,,,,,0,,0,,,,,
,,,,,,,,,,,,,,,,0,,0,,,,,
,,,,,,,,,,,,,,,,0,,0,,,,,
,,,,,,,,,,,,,,,,0,,0,,,,,
,,,,,,,,,,,,,,,,0,,0,,,,,
,,,,,,,,,,,,,,,,0,,0,,,,,
,,,,,,,,,,,,,,,,0,,0,,,,,
,,,,,,,,,,,,,,,,0,,0,,,,,
,,,,,,,,,,,,,,,,0,,0,,,,,
,,,,,,,,,,,,,,,,0,,0,,,,,
,,,,,,,,,,,,,,,,0,,0,,,,,
,,,,,,,,,,,,,,,,0,,0,,,,,
,,,,,,,,,,,,,,,,0,,0,,,,,
,,,,,,,,,,,,,,,,0,,0,,,,,
,,,,,,,,,,,,,,,,0,,0,,,,,
,,,,,,,,,,,,,,,,0,,0,,,,,
,,,,,,,,,,,,,,,,0,,0,,,,,
,,,,,,,,,,,,,,,,0,,0,,,,,
,,,,,,,,,,,,,,,,0,,0,,,,,
,,,,,,,,,,,,,,,,0,,0,,,,,
,,,,,,,,,,,,,,,,0,,0,,,,,
,,,,,,,,,,,,,,,,0,,0,,,,,
,,,,,,,,,,,,,,,,0,,0,,,,,
,,,,,,,,,,,,,,,,0,,0,,,,,
,,,,,,,,,,,,,,,,0,,0,,,,,
,,,,,,,,,,,,,,,,0,,0,,,,,
,,,,,,,,,,,,,,,,0,,0,,,,,
,,,,,,,,,,,,,,,,0,,0,,,,,
,,,,,,,,,,,,,,,,0,,0,,,,,
,,,,,,,,,,,,,,,,0,,0,,,,,
,,,,,,,,,,,,,,,,0,,0,,,,,
,,,,,,,,,,,,,,,,0,,0,,,,,
,,,,,,,,,,,,,,,,0,,0,,,,,
,,,,,,,,,,,,,,,,0,,0,,,,,
,,,,,,,,,,,,,,,,0,,0,,,,,
,,,,,,,,,,,,,,,,0,,0,,,,,
,,,,,,,,,,,,,,,,0,,0,,,,,
,,,,,,,,,,,,,,,,0,,0,,,,,
,,,,,,,,,,,,,,,,0,,0,,,,,
,,,,,,,,,,,,,,,,0,,0,,,,,
,,,,,,,,,,,,,,,,0,,0,,,,,
,,,,,,,,,,,,,,,,0,,0,,,,,
,,,,,,,,,,,,,,,,0,,0,,,,,
,,,,,,,,,,,,,,,,0,,0,,,,,
,,,,,,,,,,,,,,,,0,,0,,,,,
,,,,,,,,,,,,,,,,0,,0,,,,,
,,,,,,,,,,,,,,,,0,,0,,,,,
,,,,,,,,,,,,,,,,0,,0,,,,,
,,,,,,,,,,,,,,,,0,,0,,,,,
,,,,,,,,,,,,,,,,0,,0,,,,,
,,,,,,,,,,,,,,,,0,,0,,,,,
,,,,,,,,,,,,,,,,0,,0,,,,,
,,,,,,,,,,,,,,,,0,,0,,,,,
,,,,,,,,,,,,,,,,0,,0,,,,,
,,,,,,,,,,,,,,,,0,,0,,,,,
,,,,,,,,,,,,,,,,0,,0,,,,,
,,,,,,,,,,,,,,,,0,,0,,,,,
,,,,,,,,,,,,,,,,0,,0,,,,,
,,,,,,,,,,,,,,,,0,,0,,,,,
,,,,,,,,,,,,,,,,0,,0,,,,,
,,,,,,,,,,,,,,,,0,,0,,,,,
,,,,,,,,,,,,,,,,0,,0,,,,,
,,,,,,,,,,,,,,,,0,,0,,,,,
,,,,,,,,,,,,,,,,0,,0,,,,,
,,,,,,,,,,,,,,,,0,,0,,,,,
,,,,,,,,,,,,,,,,0,,0,,,,,
,,,,,,,,,,,,,,,,0,,0,,,,,
,,,,,,,,,,,,,,,,0,,0,,,,,
,,,,,,,,,,,,,,,,0,,0,,,,,
,,,,,,,,,,,,,,,,0,,0,,,,,
,,,,,,,,,,,,,,,,0,,0,,,,,
,,,,,,,,,,,,,,,,0,,0,,,,,
,,,,,,,,,,,,,,,,0,,0,,,,,
,,,,,,,,,,,,,,,,0,,0,,,,,
,,,,,,,,,,,,,,,,0,,0,,,,,
,,,,,,,,,,,,,,,,0,,0,,,,,
,,,,,,,,,,,,,,,,0,,0,,,,,
,,,,,,,,,,,,,,,,0,,0,,,,,
,,,,,,,,,,,,,,,,0,,0,,,,,
,,,,,,,,,,,,,,,,0,,0,,,,,
,,,,,,,,,,,,,,,,0,,0,,,,,
,,,,,,,,,,,,,,,,0,,0,,,,,
,,,,,,,,,,,,,,,,0,,0,,,,,
,,,,,,,,,,,,,,,,0,,0,,,,,
,,,,,,,,,,,,,,,,0,,0,,,,,
,,,,,,,,,,,,,,,,0,,0,,,,,
,,,,,,,,,,,,,,,,0,,0,,,,,
,,,,,,,,,,,,,,,,0,,0,,,,,
,,,,,,,,,,,,,,,,0,,0,,,,,
,,,,,,,,,,,,,,,,0,,0,,,,,
,,,,,,,,,,,,,,,,0,,0,,,,,
,,,,,,,,,,,,,,,,0,,0,,,,,
,,,,,,,,,,,,,,,,0,,0,,,,,
,,,,,,,,,,,,,,,,0,,0,,,,,
,,,,,,,,,,,,,,,,0,,0,,,,,
,,,,,,,,,,,,,,,,0,,0,,,,,
,,,,,,,,,,,,,,,,0,,0,,,,,
,,,,,,,,,,,,,,,,0,,0,,,,,
,,,,,,,,,,,,,,,,0,,0,,,,,
,,,,,,,,,,,,,,,,0,,0,,,,,
,,,,,,,,,,,,,,,,0,,0,,,,,
,,,,,,,,,,,,,,,,0,,0,,,,,
,,,,,,,,,,,,,,,,0,,0,,,,,
,,,,,,,,,,,,,,,,0,,0,,,,,
,,,,,,,,,,,,,,,,0,,0,,,,,
,,,,,,,,,,,,,,,,0,,0,,,,,
,,,,,,,,,,,,,,,,0,,0,,,,,
,,,,,,,,,,,,,,,,0,,0,,,,,
,,,,,,,,,,,,,,,,0,,0,,,,,
,,,,,,,,,,,,,,,,0,,0,,,,,
,,,,,,,,,,,,,,,,0,,0,,,,,
,,,,,,,,,,,,,,,,0,,0,,,,,
,,,,,,,,,,,,,,,,0,,0,,,,,
,,,,,,,,,,,,,,,,0,,0,,,,,
,,,,,,,,,,,,,,,,0,,0,,,,,
,,,,,,,,,,,,,,,,0,,0,,,,,
,,,,,,,,,,,,,,,,0,,0,,,,,
,,,,,,,,,,,,,,,,0,,0,,,,,
,,,,,,,,,,,,,,,,0,,0,,,,,
,,,,,,,,,,,,,,,,0,,0,,,,,
,,,,,,,,,,,,,,,,0,,0,,,,,
,,,,,,,,,,,,,,,,0,,0,,,,,
,,,,,,,,,,,,,,,,0,,0,,,,,
,,,,,,,,,,,,,,,,0,,0,,,,,
,,,,,,,,,,,,,,,,0,,0,,,,,
,,,,,,,,,,,,,,,,0,,0,,,,,
,,,,,,,,,,,,,,,,0,,0,,,,,
,,,,,,,,,,,,,,,,0,,0,,,,,
,,,,,,,,,,,,,,,,0,,0,,,,,
,,,,,,,,,,,,,,,,0,,0,,,,,
,,,,,,,,,,,,,,,,0,,0,,,,,
,,,,,,,,,,,,,,,,0,,0,,,,,
,,,,,,,,,,,,,,,,0,,0,,,,,
,,,,,,,,,,,,,,,,0,,0,,,,,
,,,,,,,,,,,,,,,,0,,0,,,,,
,,,,,,,,,,,,,,,,0,,0,,,,,
,,,,,,,,,,,,,,,,0,,0,,,,,
,,,,,,,,,,,,,,,,0,,0,,,,,
,,,,,,,,,,,,,,,,0,,0,,,,,
,,,,,,,,,,,,,,,,0,,0,,,,,
,,,,,,,,,,,,,,,,0,,0,,,,,
,,,,,,,,,,,,,,,,0,,0,,,,,
,,,,,,,,,,,,,,,,0,,0,,,,,
,,,,,,,,,,,,,,,,0,,0,,,,,
,,,,,,,,,,,,,,,,0,,0,,,,,
,,,,,,,,,,,,,,,,0,,0,,,,,
,,,,,,,,,,,,,,,,0,,0,,,,,
,,,,,,,,,,,,,,,,0,,0,,,,,
,,,,,,,,,,,,,,,,0,,0,,,,,
,,,,,,,,,,,,,,,,0,,0,,,,,
,,,,,,,,,,,,,,,,0,,0,,,,,
,,,,,,,,,,,,,,,,0,,0,,,,,
,,,,,,,,,,,,,,,,0,,0,,,,,
,,,,,,,,,,,,,,,,0,,0,,,,,
,,,,,,,,,,,,,,,,0,,0,,,,,
,,,,,,,,,,,,,,,,0,,0,,,,,
,,,,,,,,,,,,,,,,0,,0,,,,,
,,,,,,,,,,,,,,,,0,,0,,,,,
,,,,,,,,,,,,,,,,0,,0,,,,,
,,,,,,,,,,,,,,,,0,,0,,,,,
,,,,,,,,,,,,,,,,0,,0,,,,,
,,,,,,,,,,,,,,,,0,,0,,,,,
,,,,,,,,,,,,,,,,0,,0,,,,,
,,,,,,,,,,,,,,,,0,,0,,,,,
,,,,,,,,,,,,,,,,0,,0,,,,,
,,,,,,,,,,,,,,,,0,,0,,,,,
,,,,,,,,,,,,,,,,0,,0,,,,,
,,,,,,,,,,,,,,,,0,,0,,,,,
,,,,,,,,,,,,,,,,0,,0,,,,,
,,,,,,,,,,,,,,,,0,,0,,,,,
,,,,,,,,,,,,,,,,0,,0,,,,,
,,,,,,,,,,,,,,,,0,,0,,,,,
,,,,,,,,,,,,,,,,0,,0,,,,,
,,,,,,,,,,,,,,,,0,,0,,,,,
,,,,,,,,,,,,,,,,0,,0,,,,,
,,,,,,,,,,,,,,,,0,,0,,,,,
,,,,,,,,,,,,,,,,0,,0,,,,,
,,,,,,,,,,,,,,,,0,,0,,,,,
,,,,,,,,,,,,,,,,0,,0,,,,,
,,,,,,,,,,,,,,,,0,,0,,,,,
,,,,,,,,,,,,,,,,0,,0,,,,,
,,,,,,,,,,,,,,,,0,,0,,,,,
,,,,,,,,,,,,,,,,0,,0,,,,,
,,,,,,,,,,,,,,,,0,,0,,,,,
,,,,,,,,,,,,,,,,0,,0,,,,,
,,,,,,,,,,,,,,,,0,,0,,,,,
,,,,,,,,,,,,,,,,0,,0,,,,,
,,,,,,,,,,,,,,,,0,,0,,,,,
,,,,,,,,,,,,,,,,0,,0,,,,,
,,,,,,,,,,,,,,,,0,,0,,,,,
,,,,,,,,,,,,,,,,0,,0,,,,,
,,,,,,,,,,,,,,,,0,,0,,,,,
,,,,,,,,,,,,,,,,0,,0,,,,,
,,,,,,,,,,,,,,,,0,,0,,,,,
,,,,,,,,,,,,,,,,0,,0,,,,,
,,,,,,,,,,,,,,,,0,,0,,,,,
,,,,,,,,,,,,,,,,0,,0,,,,,
,,,,,,,,,,,,,,,,0,,0,,,,,
,,,,,,,,,,,,,,,,0,,0,,,,,
,,,,,,,,,,,,,,,,0,,0,,,,,
,,,,,,,,,,,,,,,,0,,0,,,,,
,,,,,,,,,,,,,,,,0,,0,,,,,
,,,,,,,,,,,,,,,,0,,0,,,,,
,,,,,,,,,,,,,,,,0,,0,,,,,
,,,,,,,,,,,,,,,,0,,0,,,,,
,,,,,,,,,,,,,,,,0,,0,,,,,
,,,,,,,,,,,,,,,,0,,0,,,,,
,,,,,,,,,,,,,,,,0,,0,,,,,
,,,,,,,,,,,,,,,,0,,0,,,,,
,,,,,,,,,,,,,,,,0,,0,,,,,
,,,,,,,,,,,,,,,,0,,0,,,,,
,,,,,,,,,,,,,,,,0,,0,,,,,
,,,,,,,,,,,,,,,,0,,0,,,,,
,,,,,,,,,,,,,,,,0,,0,,,,,
,,,,,,,,,,,,,,,,0,,0,,,,,
,,,,,,,,,,,,,,,,0,,0,,,,,
,,,,,,,,,,,,,,,,0,,0,,,,,
,,,,,,,,,,,,,,,,0,,0,,,,,
,,,,,,,,,,,,,,,,0,,0,,,,,
,,,,,,,,,,,,,,,,0,,0,,,,,
,,,,,,,,,,,,,,,,0,,0,,,,,
,,,,,,,,,,,,,,,,0,,0,,,,,
,,,,,,,,,,,,,,,,0,,0,,,,,
,,,,,,,,,,,,,,,,0,,0,,,,,
,,,,,,,,,,,,,,,,0,,0,,,,,
,,,,,,,,,,,,,,,,0,,0,,,,,
,,,,,,,,,,,,,,,,0,,0,,,,,
,,,,,,,,,,,,,,,,0,,0,,,,,
,,,,,,,,,,,,,,,,0,,0,,,,,
,,,,,,,,,,,,,,,,0,,0,,,,,
,,,,,,,,,,,,,,,,0,,0,,,,,
,,,,,,,,,,,,,,,,0,,0,,,,,
,,,,,,,,,,,,,,,,0,,0,,,,,
,,,,,,,,,,,,,,,,0,,0,,,,,
,,,,,,,,,,,,,,,,0,,0,,,,,
,,,,,,,,,,,,,,,,0,,0,,,,,
,,,,,,,,,,,,,,,,0,,0,,,,,
,,,,,,,,,,,,,,,,0,,0,,,,,
,,,,,,,,,,,,,,,,0,,0,,,,,
,,,,,,,,,,,,,,,,0,,0,,,,,
,,,,,,,,,,,,,,,,0,,0,,,,,
,,,,,,,,,,,,,,,,0,,0,,,,,
,,,,,,,,,,,,,,,,0,,0,,,,,
,,,,,,,,,,,,,,,,0,,0,,,,,
,,,,,,,,,,,,,,,,0,,0,,,,,
,,,,,,,,,,,,,,,,0,,0,,,,,
,,,,,,,,,,,,,,,,0,,0,,,,,
,,,,,,,,,,,,,,,,0,,0,,,,,
,,,,,,,,,,,,,,,,0,,0,,,,,
,,,,,,,,,,,,,,,,0,,0,,,,,
,,,,,,,,,,,,,,,,0,,0,,,,,
,,,,,,,,,,,,,,,,0,,0,,,,,
,,,,,,,,,,,,,,,,0,,0,,,,,
,,,,,,,,,,,,,,,,0,,0,,,,,
,,,,,,,,,,,,,,,,0,,0,,,,,
,,,,,,,,,,,,,,,,0,,0,,,,,
,,,,,,,,,,,,,,,,0,,0,,,,,
,,,,,,,,,,,,,,,,0,,0,,,,,
,,,,,,,,,,,,,,,,0,,0,,,,,
,,,,,,,,,,,,,,,,0,,0,,,,,
,,,,,,,,,,,,,,,,0,,0,,,,,
,,,,,,,,,,,,,,,,0,,0,,,,,
,,,,,,,,,,,,,,,,0,,0,,,,,
,,,,,,,,,,,,,,,,0,,0,,,,,
,,,,,,,,,,,,,,,,0,,0,,,,,
,,,,,,,,,,,,,,,,0,,0,,,,,
,,,,,,,,,,,,,,,,0,,0,,,,,
,,,,,,,,,,,,,,,,0,,0,,,,,
,,,,,,,,,,,,,,,,0,,0,,,,,
,,,,,,,,,,,,,,,,0,,0,,,,,
,,,,,,,,,,,,,,,,0,,0,,,,,
,,,,,,,,,,,,,,,,0,,0,,,,,
,,,,,,,,,,,,,,,,0,,0,,,,,
,,,,,,,,,,,,,,,,0,,0,,,,,
,,,,,,,,,,,,,,,,0,,0,,,,,
,,,,,,,,,,,,,,,,0,,0,,,,,
,,,,,,,,,,,,,,,,0,,0,,,,,
,,,,,,,,,,,,,,,,0,,0,,,,,
,,,,,,,,,,,,,,,,0,,0,,,,,
,,,,,,,,,,,,,,,,0,,0,,,,,
,,,,,,,,,,,,,,,,0,,0,,,,,
,,,,,,,,,,,,,,,,0,,0,,,,,
,,,,,,,,,,,,,,,,0,,0,,,,,
,,,,,,,,,,,,,,,,0,,0,,,,,
,,,,,,,,,,,,,,,,0,,0,,,,,
,,,,,,,,,,,,,,,,0,,0,,,,,
,,,,,,,,,,,,,,,,0,,0,,,,,
,,,,,,,,,,,,,,,,0,,0,,,,,
,,,,,,,,,,,,,,,,0,,0,,,,,
,,,,,,,,,,,,,,,,0,,0,,,,,
,,,,,,,,,,,,,,,,0,,0,,,,,
,,,,,,,,,,,,,,,,0,,0,,,,,
,,,,,,,,,,,,,,,,0,,0,,,,,
,,,,,,,,,,,,,,,,0,,0,,,,,
,,,,,,,,,,,,,,,,0,,0,,,,,
,,,,,,,,,,,,,,,,0,,0,,,,,
,,,,,,,,,,,,,,,,0,,0,,,,,
,,,,,,,,,,,,,,,,0,,0,,,,,
,,,,,,,,,,,,,,,,0,,0,,,,,
,,,,,,,,,,,,,,,,0,,0,,,,,
,,,,,,,,,,,,,,,,0,,0,,,,,
,,,,,,,,,,,,,,,,0,,0,,,,,
,,,,,,,,,,,,,,,,0,,0,,,,,
,,,,,,,,,,,,,,,,0,,0,,,,,
,,,,,,,,,,,,,,,,0,,0,,,,,
,,,,,,,,,,,,,,,,0,,0,,,,,
,,,,,,,,,,,,,,,,0,,0,,,,,
,,,,,,,,,,,,,,,,0,,0,,,,,
,,,,,,,,,,,,,,,,0,,0,,,,,
,,,,,,,,,,,,,,,,0,,0,,,,,
,,,,,,,,,,,,,,,,0,,0,,,,,
,,,,,,,,,,,,,,,,0,,0,,,,,
,,,,,,,,,,,,,,,,0,,0,,,,,
,,,,,,,,,,,,,,,,0,,0,,,,,
,,,,,,,,,,,,,,,,0,,0,,,,,
,,,,,,,,,,,,,,,,0,,0,,,,,
,,,,,,,,,,,,,,,,0,,0,,,,,
,,,,,,,,,,,,,,,,0,,0,,,,,
,,,,,,,,,,,,,,,,0,,0,,,,,
,,,,,,,,,,,,,,,,0,,0,,,,,
,,,,,,,,,,,,,,,,0,,0,,,,,
,,,,,,,,,,,,,,,,0,,0,,,,,
,,,,,,,,,,,,,,,,0,,0,,,,,
,,,,,,,,,,,,,,,,0,,0,,,,,
,,,,,,,,,,,,,,,,0,,0,,,,,
,,,,,,,,,,,,,,,,0,,0,,,,,
,,,,,,,,,,,,,,,,0,,0,,,,,
,,,,,,,,,,,,,,,,0,,0,,,,,
,,,,,,,,,,,,,,,,0,,0,,,,,
,,,,,,,,,,,,,,,,0,,0,,,,,
,,,,,,,,,,,,,,,,0,,0,,,,,
,,,,,,,,,,,,,,,,0,,0,,,,,
,,,,,,,,,,,,,,,,0,,0,,,,,
,,,,,,,,,,,,,,,,0,,0,,,,,
,,,,,,,,,,,,,,,,0,,0,,,,,
,,,,,,,,,,,,,,,,0,,0,,,,,
,,,,,,,,,,,,,,,,0,,0,,,,,
,,,,,,,,,,,,,,,,0,,0,,,,,
,,,,,,,,,,,,,,,,0,,0,,,,,
,,,,,,,,,,,,,,,,0,,0,,,,,
,,,,,,,,,,,,,,,,0,,0,,,,,
,,,,,,,,,,,,,,,,0,,0,,,,,
,,,,,,,,,,,,,,,,0,,0,,,,,
,,,,,,,,,,,,,,,,0,,0,,,,,
,,,,,,,,,,,,,,,,0,,0,,,,,
,,,,,,,,,,,,,,,,0,,0,,,,,
,,,,,,,,,,,,,,,,0,,0,,,,,
,,,,,,,,,,,,,,,,0,,0,,,,,
,,,,,,,,,,,,,,,,0,,0,,,,,
,,,,,,,,,,,,,,,,0,,0,,,,,
,,,,,,,,,,,,,,,,0,,0,,,,,
,,,,,,,,,,,,,,,,0,,0,,,,,
,,,,,,,,,,,,,,,,0,,0,,,,,
,,,,,,,,,,,,,,,,0,,0,,,,,
,,,,,,,,,,,,,,,,0,,0,,,,,
,,,,,,,,,,,,,,,,0,,0,,,,,
,,,,,,,,,,,,,,,,0,,0,,,,,
,,,,,,,,,,,,,,,,0,,0,,,,,
,,,,,,,,,,,,,,,,0,,0,,,,,
,,,,,,,,,,,,,,,,0,,0,,,,,
,,,,,,,,,,,,,,,,0,,0,,,,,
,,,,,,,,,,,,,,,,0,,0,,,,,
,,,,,,,,,,,,,,,,0,,0,,,,,
,,,,,,,,,,,,,,,,0,,0,,,,,
,,,,,,,,,,,,,,,,0,,0,,,,,
,,,,,,,,,,,,,,,,0,,0,,,,,
,,,,,,,,,,,,,,,,0,,0,,,,,
,,,,,,,,,,,,,,,,0,,0,,,,,
,,,,,,,,,,,,,,,,0,,0,,,,,
,,,,,,,,,,,,,,,,0,,0,,,,,
,,,,,,,,,,,,,,,,0,,0,,,,,
,,,,,,,,,,,,,,,,0,,0,,,,,
,,,,,,,,,,,,,,,,0,,0,,,,,
,,,,,,,,,,,,,,,,0,,0,,,,,
,,,,,,,,,,,,,,,,0,,0,,,,,
,,,,,,,,,,,,,,,,0,,0,,,,,
,,,,,,,,,,,,,,,,0,,0,,,,,
,,,,,,,,,,,,,,,,0,,0,,,,,
,,,,,,,,,,,,,,,,0,,0,,,,,
,,,,,,,,,,,,,,,,0,,0,,,,,
,,,,,,,,,,,,,,,,0,,0,,,,,
,,,,,,,,,,,,,,,,0,,0,,,,,
,,,,,,,,,,,,,,,,0,,0,,,,,
,,,,,,,,,,,,,,,,0,,0,,,,,
,,,,,,,,,,,,,,,,0,,0,,,,,
,,,,,,,,,,,,,,,,0,,0,,,,,
,,,,,,,,,,,,,,,,0,,0,,,,,
,,,,,,,,,,,,,,,,0,,0,,,,,
,,,,,,,,,,,,,,,,0,,0,,,,,
,,,,,,,,,,,,,,,,0,,0,,,,,
,,,,,,,,,,,,,,,,0,,0,,,,,
,,,,,,,,,,,,,,,,0,,0,,,,,
,,,,,,,,,,,,,,,,0,,0,,,,,
,,,,,,,,,,,,,,,,0,,0,,,,,
,,,,,,,,,,,,,,,,0,,0,,,,,
,,,,,,,,,,,,,,,,0,,0,,,,,
,,,,,,,,,,,,,,,,0,,0,,,,,
,,,,,,,,,,,,,,,,0,,0,,,,,
,,,,,,,,,,,,,,,,0,,0,,,,,
,,,,,,,,,,,,,,,,0,,0,,,,,
,,,,,,,,,,,,,,,,0,,0,,,,,
,,,,,,,,,,,,,,,,0,,0,,,,,
,,,,,,,,,,,,,,,,0,,0,,,,,
,,,,,,,,,,,,,,,,0,,0,,,,,
,,,,,,,,,,,,,,,,0,,0,,,,,
,,,,,,,,,,,,,,,,0,,0,,,,,
,,,,,,,,,,,,,,,,0,,0,,,,,
,,,,,,,,,,,,,,,,0,,0,,,,,
,,,,,,,,,,,,,,,,0,,0,,,,,
,,,,,,,,,,,,,,,,0,,0,,,,,
,,,,,,,,,,,,,,,,0,,0,,,,,
,,,,,,,,,,,,,,,,0,,0,,,,,
,,,,,,,,,,,,,,,,0,,0,,,,,
,,,,,,,,,,,,,,,,0,,0,,,,,
,,,,,,,,,,,,,,,,0,,0,,,,,
,,,,,,,,,,,,,,,,0,,0,,,,,
,,,,,,,,,,,,,,,,0,,0,,,,,
,,,,,,,,,,,,,,,,0,,0,,,,,
,,,,,,,,,,,,,,,,0,,0,,,,,
,,,,,,,,,,,,,,,,0,,0,,,,,
,,,,,,,,,,,,,,,,0,,0,,,,,
,,,,,,,,,,,,,,,,0,,0,,,,,
,,,,,,,,,,,,,,,,0,,0,,,,,
,,,,,,,,,,,,,,,,0,,0,,,,,
,,,,,,,,,,,,,,,,0,,0,,,,,
,,,,,,,,,,,,,,,,0,,0,,,,,
,,,,,,,,,,,,,,,,0,,0,,,,,
,,,,,,,,,,,,,,,,0,,0,,,,,
,,,,,,,,,,,,,,,,0,,0,,,,,
,,,,,,,,,,,,,,,,0,,0,,,,,
,,,,,,,,,,,,,,,,0,,0,,,,,
,,,,,,,,,,,,,,,,0,,0,,,,,
,,,,,,,,,,,,,,,,0,,0,,,,,
,,,,,,,,,,,,,,,,0,,0,,,,,
,,,,,,,,,,,,,,,,0,,0,,,,,
,,,,,,,,,,,,,,,,0,,0,,,,,
,,,,,,,,,,,,,,,,0,,0,,,,,
,,,,,,,,,,,,,,,,0,,0,,,,,
,,,,,,,,,,,,,,,,0,,0,,,,,
,,,,,,,,,,,,,,,,0,,0,,,,,
,,,,,,,,,,,,,,,,0,,0,,,,,
,,,,,,,,,,,,,,,,0,,0,,,,,
,,,,,,,,,,,,,,,,0,,0,,,,,
,,,,,,,,,,,,,,,,0,,0,,,,,
,,,,,,,,,,,,,,,,0,,0,,,,,
,,,,,,,,,,,,,,,,0,,0,,,,,
,,,,,,,,,,,,,,,,0,,0,,,,,
,,,,,,,,,,,,,,,,0,,0,,,,,
,,,,,,,,,,,,,,,,0,,0,,,,,
,,,,,,,,,,,,,,,,0,,0,,,,,
,,,,,,,,,,,,,,,,0,,0,,,,,
,,,,,,,,,,,,,,,,0,,0,,,,,
,,,,,,,,,,,,,,,,0,,0,,,,,
,,,,,,,,,,,,,,,,0,,0,,,,,
,,,,,,,,,,,,,,,,0,,0,,,,,
,,,,,,,,,,,,,,,,0,,0,,,,,
,,,,,,,,,,,,,,,,0,,0,,,,,
,,,,,,,,,,,,,,,,0,,0,,,,,
,,,,,,,,,,,,,,,,0,,0,,,,,
,,,,,,,,,,,,,,,,0,,0,,,,,
,,,,,,,,,,,,,,,,0,,0,,,,,
,,,,,,,,,,,,,,,,0,,0,,,,,
,,,,,,,,,,,,,,,,0,,0,,,,,
,,,,,,,,,,,,,,,,0,,0,,,,,
,,,,,,,,,,,,,,,,0,,0,,,,,
,,,,,,,,,,,,,,,,0,,0,,,,,
,,,,,,,,,,,,,,,,0,,0,,,,,
,,,,,,,,,,,,,,,,0,,0,,,,,
,,,,,,,,,,,,,,,,0,,0,,,,,
,,,,,,,,,,,,,,,,0,,0,,,,,
,,,,,,,,,,,,,,,,0,,0,,,,,
,,,,,,,,,,,,,,,,0,,0,,,,,
,,,,,,,,,,,,,,,,0,,0,,,,,
,,,,,,,,,,,,,,,,0,,0,,,,,
,,,,,,,,,,,,,,,,0,,0,,,,,
,,,,,,,,,,,,,,,,0,,0,,,,,
,,,,,,,,,,,,,,,,0,,0,,,,,
,,,,,,,,,,,,,,,,0,,0,,,,,
,,,,,,,,,,,,,,,,0,,0,,,,,
,,,,,,,,,,,,,,,,0,,0,,,,,
,,,,,,,,,,,,,,,,0,,0,,,,,
,,,,,,,,,,,,,,,,0,,0,,,,,
,,,,,,,,,,,,,,,,0,,0,,,,,
,,,,,,,,,,,,,,,,0,,0,,,,,
,,,,,,,,,,,,,,,,0,,0,,,,,
,,,,,,,,,,,,,,,,0,,0,,,,,
,,,,,,,,,,,,,,,,0,,0,,,,,
,,,,,,,,,,,,,,,,0,,0,,,,,
,,,,,,,,,,,,,,,,0,,0,,,,,
,,,,,,,,,,,,,,,,0,,0,,,,,
,,,,,,,,,,,,,,,,0,,0,,,,,
,,,,,,,,,,,,,,,,0,,0,,,,,
,,,,,,,,,,,,,,,,0,,0,,,,,
,,,,,,,,,,,,,,,,0,,0,,,,,
,,,,,,,,,,,,,,,,0,,0,,,,,
,,,,,,,,,,,,,,,,0,,0,,,,,
,,,,,,,,,,,,,,,,0,,0,,,,,
,,,,,,,,,,,,,,,,0,,0,,,,,
,,,,,,,,,,,,,,,,0,,0,,,,,
,,,,,,,,,,,,,,,,0,,0,,,,,
,,,,,,,,,,,,,,,,0,,0,,,,,
,,,,,,,,,,,,,,,,0,,0,,,,,
,,,,,,,,,,,,,,,,0,,0,,,,,
,,,,,,,,,,,,,,,,0,,0,,,,,
,,,,,,,,,,,,,,,,0,,0,,,,,
,,,,,,,,,,,,,,,,0,,0,,,,,
,,,,,,,,,,,,,,,,0,,0,,,,,
,,,,,,,,,,,,,,,,0,,0,,,,,
,,,,,,,,,,,,,,,,0,,0,,,,,
,,,,,,,,,,,,,,,,0,,0,,,,,
,,,,,,,,,,,,,,,,0,,0,,,,,
,,,,,,,,,,,,,,,,0,,0,,,,,
,,,,,,,,,,,,,,,,0,,0,,,,,
,,,,,,,,,,,,,,,,0,,0,,,,,
,,,,,,,,,,,,,,,,0,,0,,,,,
,,,,,,,,,,,,,,,,0,,0,,,,,
,,,,,,,,,,,,,,,,0,,0,,,,,
,,,,,,,,,,,,,,,,0,,0,,,,,
,,,,,,,,,,,,,,,,0,,0,,,,,
,,,,,,,,,,,,,,,,0,,0,,,,,
,,,,,,,,,,,,,,,,0,,0,,,,,
,,,,,,,,,,,,,,,,0,,0,,,,,
,,,,,,,,,,,,,,,,0,,0,,,,,
,,,,,,,,,,,,,,,,0,,0,,,,,
,,,,,,,,,,,,,,,,0,,0,,,,,
,,,,,,,,,,,,,,,,0,,0,,,,,
,,,,,,,,,,,,,,,,0,,0,,,,,
,,,,,,,,,,,,,,,,0,,0,,,,,
,,,,,,,,,,,,,,,,0,,0,,,,,
,,,,,,,,,,,,,,,,0,,0,,,,,
,,,,,,,,,,,,,,,,0,,0,,,,,
,,,,,,,,,,,,,,,,0,,0,,,,,
,,,,,,,,,,,,,,,,0,,0,,,,,
,,,,,,,,,,,,,,,,0,,0,,,,,
,,,,,,,,,,,,,,,,0,,0,,,,,
,,,,,,,,,,,,,,,,0,,0,,,,,
,,,,,,,,,,,,,,,,0,,0,,,,,
,,,,,,,,,,,,,,,,0,,0,,,,,
,,,,,,,,,,,,,,,,0,,0,,,,,
,,,,,,,,,,,,,,,,0,,0,,,,,
,,,,,,,,,,,,,,,,0,,0,,,,,
,,,,,,,,,,,,,,,,0,,0,,,,,
,,,,,,,,,,,,,,,,0,,0,,,,,
,,,,,,,,,,,,,,,,0,,0,,,,,
,,,,,,,,,,,,,,,,0,,0,,,,,
,,,,,,,,,,,,,,,,0,,0,,,,,
,,,,,,,,,,,,,,,,0,,0,,,,,
,,,,,,,,,,,,,,,,0,,0,,,,,
,,,,,,,,,,,,,,,,0,,0,,,,,
,,,,,,,,,,,,,,,,0,,0,,,,,
,,,,,,,,,,,,,,,,0,,0,,,,,
,,,,,,,,,,,,,,,,0,,0,,,,,
,,,,,,,,,,,,,,,,0,,0,,,,,
,,,,,,,,,,,,,,,,0,,0,,,,,
,,,,,,,,,,,,,,,,0,,0,,,,,
,,,,,,,,,,,,,,,,0,,0,,,,,
,,,,,,,,,,,,,,,,0,,0,,,,,
,,,,,,,,,,,,,,,,0,,0,,,,,
,,,,,,,,,,,,,,,,0,,0,,,,,
,,,,,,,,,,,,,,,,0,,0,,,,,
,,,,,,,,,,,,,,,,0,,0,,,,,
,,,,,,,,,,,,,,,,0,,0,,,,,
,,,,,,,,,,,,,,,,0,,0,,,,,
,,,,,,,,,,,,,,,,0,,0,,,,,
,,,,,,,,,,,,,,,,0,,0,,,,,
,,,,,,,,,,,,,,,,0,,0,,,,,
,,,,,,,,,,,,,,,,0,,0,,,,,
,,,,,,,,,,,,,,,,0,,0,,,,,
,,,,,,,,,,,,,,,,0,,0,,,,,
,,,,,,,,,,,,,,,,0,,0,,,,,
,,,,,,,,,,,,,,,,0,,0,,,,,
,,,,,,,,,,,,,,,,0,,0,,,,,
,,,,,,,,,,,,,,,,0,,0,,,,,
,,,,,,,,,,,,,,,,0,,0,,,,,
,,,,,,,,,,,,,,,,0,,0,,,,,
,,,,,,,,,,,,,,,,0,,0,,,,,
,,,,,,,,,,,,,,,,0,,0,,,,,
,,,,,,,,,,,,,,,,0,,0,,,,,
,,,,,,,,,,,,,,,,0,,0,,,,,
,,,,,,,,,,,,,,,,0,,0,,,,,
,,,,,,,,,,,,,,,,0,,0,,,,,
,,,,,,,,,,,,,,,,0,,0,,,,,
,,,,,,,,,,,,,,,,0,,0,,,,,
,,,,,,,,,,,,,,,,0,,0,,,,,
,,,,,,,,,,,,,,,,0,,0,,,,,
,,,,,,,,,,,,,,,,0,,0,,,,,
,,,,,,,,,,,,,,,,0,,0,,,,,
,,,,,,,,,,,,,,,,0,,0,,,,,
,,,,,,,,,,,,,,,,0,,0,,,,,
,,,,,,,,,,,,,,,,0,,0,,,,,
,,,,,,,,,,,,,,,,0,,0,,,,,
,,,,,,,,,,,,,,,,0,,0,,,,,
,,,,,,,,,,,,,,,,0,,0,,,,,
,,,,,,,,,,,,,,,,0,,0,,,,,
,,,,,,,,,,,,,,,,0,,0,,,,,
,,,,,,,,,,,,,,,,0,,0,,,,,
,,,,,,,,,,,,,,,,0,,0,,,,,
,,,,,,,,,,,,,,,,0,,0,,,,,
,,,,,,,,,,,,,,,,0,,0,,,,,
,,,,,,,,,,,,,,,,0,,0,,,,,
,,,,,,,,,,,,,,,,0,,0,,,,,
,,,,,,,,,,,,,,,,0,,0,,,,,
,,,,,,,,,,,,,,,,0,,0,,,,,
,,,,,,,,,,,,,,,,0,,0,,,,,
,,,,,,,,,,,,,,,,0,,0,,,,,
,,,,,,,,,,,,,,,,0,,0,,,,,
,,,,,,,,,,,,,,,,0,,0,,,,,
,,,,,,,,,,,,,,,,0,,0,,,,,
,,,,,,,,,,,,,,,,0,,0,,,,,
,,,,,,,,,,,,,,,,0,,0,,,,,
,,,,,,,,,,,,,,,,0,,0,,,,,
,,,,,,,,,,,,,,,,0,,0,,,,,
,,,,,,,,,,,,,,,,0,,0,,,,,
,,,,,,,,,,,,,,,,0,,0,,,,,
,,,,,,,,,,,,,,,,0,,0,,,,,
,,,,,,,,,,,,,,,,0,,0,,,,,
,,,,,,,,,,,,,,,,0,,0,,,,,
,,,,,,,,,,,,,,,,0,,0,,,,,
,,,,,,,,,,,,,,,,0,,0,,,,,
,,,,,,,,,,,,,,,,0,,0,,,,,
,,,,,,,,,,,,,,,,0,,0,,,,,
,,,,,,,,,,,,,,,,0,,0,,,,,
,,,,,,,,,,,,,,,,0,,0,,,,,
,,,,,,,,,,,,,,,,0,,0,,,,,
,,,,,,,,,,,,,,,,0,,0,,,,,
,,,,,,,,,,,,,,,,0,,0,,,,,
,,,,,,,,,,,,,,,,0,,0,,,,,
,,,,,,,,,,,,,,,,0,,0,,,,,
,,,,,,,,,,,,,,,,0,,0,,,,,
,,,,,,,,,,,,,,,,0,,0,,,,,
,,,,,,,,,,,,,,,,0,,0,,,,,
,,,,,,,,,,,,,,,,0,,0,,,,,
,,,,,,,,,,,,,,,,0,,0,,,,,
,,,,,,,,,,,,,,,,0,,0,,,,,
,,,,,,,,,,,,,,,,0,,0,,,,,
,,,,,,,,,,,,,,,,0,,0,,,,,
,,,,,,,,,,,,,,,,0,,0,,,,,
,,,,,,,,,,,,,,,,0,,0,,,,,
,,,,,,,,,,,,,,,,0,,0,,,,,
,,,,,,,,,,,,,,,,0,,0,,,,,
,,,,,,,,,,,,,,,,0,,0,,,,,
,,,,,,,,,,,,,,,,0,,0,,,,,
,,,,,,,,,,,,,,,,0,,0,,,,,
,,,,,,,,,,,,,,,,0,,0,,,,,
,,,,,,,,,,,,,,,,0,,0,,,,,
,,,,,,,,,,,,,,,,0,,0,,,,,
,,,,,,,,,,,,,,,,0,,0,,,,,
,,,,,,,,,,,,,,,,0,,0,,,,,
,,,,,,,,,,,,,,,,0,,0,,,,,
,,,,,,,,,,,,,,,,0,,0,,,,,
,,,,,,,,,,,,,,,,0,,0,,,,,
,,,,,,,,,,,,,,,,0,,0,,,,,
,,,,,,,,,,,,,,,,0,,0,,,,,
,,,,,,,,,,,,,,,,0,,0,,,,,
,,,,,,,,,,,,,,,,0,,0,,,,,
,,,,,,,,,,,,,,,,0,,0,,,,,
,,,,,,,,,,,,,,,,0,,0,,,,,
,,,,,,,,,,,,,,,,0,,0,,,,,
,,,,,,,,,,,,,,,,0,,0,,,,,
,,,,,,,,,,,,,,,,0,,0,,,,,
,,,,,,,,,,,,,,,,0,,0,,,,,
,,,,,,,,,,,,,,,,0,,0,,,,,
,,,,,,,,,,,,,,,,0,,0,,,,,
,,,,,,,,,,,,,,,,0,,0,,,,,
,,,,,,,,,,,,,,,,0,,0,,,,,
,,,,,,,,,,,,,,,,0,,0,,,,,
,,,,,,,,,,,,,,,,0,,0,,,,,
,,,,,,,,,,,,,,,,0,,0,,,,,
,,,,,,,,,,,,,,,,0,,0,,,,,
,,,,,,,,,,,,,,,,0,,0,,,,,
,,,,,,,,,,,,,,,,0,,0,,,,,
,,,,,,,,,,,,,,,,0,,0,,,,,
,,,,,,,,,,,,,,,,0,,0,,,,,
,,,,,,,,,,,,,,,,0,,0,,,,,
,,,,,,,,,,,,,,,,0,,0,,,,,
,,,,,,,,,,,,,,,,0,,0,,,,,
,,,,,,,,,,,,,,,,0,,0,,,,,
,,,,,,,,,,,,,,,,0,,0,,,,,
,,,,,,,,,,,,,,,,0,,0,,,,,
,,,,,,,,,,,,,,,,0,,0,,,,,
,,,,,,,,,,,,,,,,0,,0,,,,,
,,,,,,,,,,,,,,,,0,,0,,,,,
,,,,,,,,,,,,,,,,0,,0,,,,,
,,,,,,,,,,,,,,,,0,,0,,,,,
,,,,,,,,,,,,,,,,0,,0,,,,,
,,,,,,,,,,,,,,,,0,,0,,,,,
,,,,,,,,,,,,,,,,0,,0,,,,,
,,,,,,,,,,,,,,,,0,,0,,,,,
,,,,,,,,,,,,,,,,0,,0,,,,,
,,,,,,,,,,,,,,,,0,,0,,,,,
,,,,,,,,,,,,,,,,0,,0,,,,,
,,,,,,,,,,,,,,,,0,,0,,,,,
,,,,,,,,,,,,,,,,0,,0,,,,,
,,,,,,,,,,,,,,,,0,,0,,,,,
,,,,,,,,,,,,,,,,0,,0,,,,,
,,,,,,,,,,,,,,,,0,,0,,,,,
,,,,,,,,,,,,,,,,0,,0,,,,,
,,,,,,,,,,,,,,,,0,,0,,,,,
,,,,,,,,,,,,,,,,0,,0,,,,,
,,,,,,,,,,,,,,,,0,,0,,,,,
,,,,,,,,,,,,,,,,0,,0,,,,,
,,,,,,,,,,,,,,,,0,,0,,,,,
,,,,,,,,,,,,,,,,0,,0,,,,,
,,,,,,,,,,,,,,,,0,,0,,,,,
,,,,,,,,,,,,,,,,0,,0,,,,,
,,,,,,,,,,,,,,,,0,,0,,,,,
,,,,,,,,,,,,,,,,0,,0,,,,,
,,,,,,,,,,,,,,,,0,,0,,,,,
,,,,,,,,,,,,,,,,0,,0,,,,,
,,,,,,,,,,,,,,,,0,,0,,,,,
,,,,,,,,,,,,,,,,0,,0,,,,,
,,,,,,,,,,,,,,,,0,,0,,,,,
,,,,,,,,,,,,,,,,0,,0,,,,,
,,,,,,,,,,,,,,,,0,,0,,,,,
,,,,,,,,,,,,,,,,0,,0,,,,,
,,,,,,,,,,,,,,,,0,,0,,,,,
,,,,,,,,,,,,,,,,0,,0,,,,,
,,,,,,,,,,,,,,,,0,,0,,,,,
,,,,,,,,,,,,,,,,0,,0,,,,,
,,,,,,,,,,,,,,,,0,,0,,,,,
,,,,,,,,,,,,,,,,0,,0,,,,,
,,,,,,,,,,,,,,,,0,,0,,,,,
,,,,,,,,,,,,,,,,0,,0,,,,,
,,,,,,,,,,,,,,,,0,,0,,,,,
,,,,,,,,,,,,,,,,0,,0,,,,,
,,,,,,,,,,,,,,,,0,,0,,,,,
,,,,,,,,,,,,,,,,0,,0,,,,,
,,,,,,,,,,,,,,,,0,,0,,,,,
,,,,,,,,,,,,,,,,0,,0,,,,,
,,,,,,,,,,,,,,,,0,,0,,,,,
,,,,,,,,,,,,,,,,0,,0,,,,,
,,,,,,,,,,,,,,,,0,,0,,,,,
,,,,,,,,,,,,,,,,0,,0,,,,,
,,,,,,,,,,,,,,,,0,,0,,,,,
,,,,,,,,,,,,,,,,0,,0,,,,,
,,,,,,,,,,,,,,,,0,,0,,,,,
,,,,,,,,,,,,,,,,0,,0,,,,,
,,,,,,,,,,,,,,,,0,,0,,,,,
,,,,,,,,,,,,,,,,0,,0,,,,,
,,,,,,,,,,,,,,,,0,,0,,,,,
,,,,,,,,,,,,,,,,0,,0,,,,,
,,,,,,,,,,,,,,,,0,,0,,,,,
,,,,,,,,,,,,,,,,0,,0,,,,,
,,,,,,,,,,,,,,,,0,,0,,,,,
,,,,,,,,,,,,,,,,0,,0,,,,,
,,,,,,,,,,,,,,,,0,,0,,,,,
,,,,,,,,,,,,,,,,0,,0,,,,,
,,,,,,,,,,,,,,,,0,,0,,,,,
,,,,,,,,,,,,,,,,0,,0,,,,,
,,,,,,,,,,,,,,,,0,,0,,,,,
,,,,,,,,,,,,,,,,0,,0,,,,,
,,,,,,,,,,,,,,,,0,,0,,,,,
,,,,,,,,,,,,,,,,0,,0,,,,,
,,,,,,,,,,,,,,,,0,,0,,,,,
,,,,,,,,,,,,,,,,0,,0,,,,,
,,,,,,,,,,,,,,,,0,,0,,,,,
,,,,,,,,,,,,,,,,0,,0,,,,,
,,,,,,,,,,,,,,,,0,,0,,,,,
,,,,,,,,,,,,,,,,0,,0,,,,,
,,,,,,,,,,,,,,,,0,,0,,,,,
,,,,,,,,,,,,,,,,0,,0,,,,,
,,,,,,,,,,,,,,,,0,,0,,,,,
,,,,,,,,,,,,,,,,0,,0,,,,,
,,,,,,,,,,,,,,,,0,,0,,,,,
,,,,,,,,,,,,,,,,0,,0,,,,,
,,,,,,,,,,,,,,,,0,,0,,,,,
,,,,,,,,,,,,,,,,0,,0,,,,,
,,,,,,,,,,,,,,,,0,,0,,,,,
,,,,,,,,,,,,,,,,0,,0,,,,,
,,,,,,,,,,,,,,,,0,,0,,,,,
,,,,,,,,,,,,,,,,0,,0,,,,,
,,,,,,,,,,,,,,,,0,,0,,,,,
,,,,,,,,,,,,,,,,0,,0,,,,,
,,,,,,,,,,,,,,,,0,,0,,,,,
,,,,,,,,,,,,,,,,0,,0,,,,,
,,,,,,,,,,,,,,,,0,,0,,,,,
,,,,,,,,,,,,,,,,0,,0,,,,,
,,,,,,,,,,,,,,,,0,,0,,,,,
,,,,,,,,,,,,,,,,0,,0,,,,,
,,,,,,,,,,,,,,,,0,,0,,,,,
,,,,,,,,,,,,,,,,0,,0,,,,,
,,,,,,,,,,,,,,,,0,,0,,,,,
,,,,,,,,,,,,,,,,0,,0,,,,,
,,,,,,,,,,,,,,,,0,,0,,,,,
,,,,,,,,,,,,,,,,0,,0,,,,,
,,,,,,,,,,,,,,,,0,,0,,,,,
,,,,,,,,,,,,,,,,0,,0,,,,,
,,,,,,,,,,,,,,,,0,,0,,,,,
,,,,,,,,,,,,,,,,0,,0,,,,,
,,,,,,,,,,,,,,,,0,,0,,,,,
,,,,,,,,,,,,,,,,0,,0,,,,,
,,,,,,,,,,,,,,,,0,,0,,,,,
,,,,,,,,,,,,,,,,0,,0,,,,,
,,,,,,,,,,,,,,,,0,,0,,,,,
,,,,,,,,,,,,,,,,0,,0,,,,,
,,,,,,,,,,,,,,,,0,,0,,,,,
,,,,,,,,,,,,,,,,0,,0,,,,,
,,,,,,,,,,,,,,,,0,,0,,,,,
,,,,,,,,,,,,,,,,0,,0,,,,,
,,,,,,,,,,,,,,,,0,,0,,,,,
,,,,,,,,,,,,,,,,0,,0,,,,,
,,,,,,,,,,,,,,,,0,,0,,,,,
,,,,,,,,,,,,,,,,0,,0,,,,,
,,,,,,,,,,,,,,,,0,,0,,,,,
,,,,,,,,,,,,,,,,0,,0,,,,,
,,,,,,,,,,,,,,,,0,,0,,,,,
,,,,,,,,,,,,,,,,0,,0,,,,,
,,,,,,,,,,,,,,,,0,,0,,,,,
,,,,,,,,,,,,,,,,0,,0,,,,,
,,,,,,,,,,,,,,,,0,,0,,,,,
,,,,,,,,,,,,,,,,0,,0,,,,,
,,,,,,,,,,,,,,,,0,,0,,,,,
,,,,,,,,,,,,,,,,0,,0,,,,,
,,,,,,,,,,,,,,,,0,,0,,,,,
,,,,,,,,,,,,,,,,0,,0,,,,,
,,,,,,,,,,,,,,,,0,,0,,,,,
,,,,,,,,,,,,,,,,0,,0,,,,,
,,,,,,,,,,,,,,,,0,,0,,,,,
,,,,,,,,,,,,,,,,0,,0,,,,,
,,,,,,,,,,,,,,,,0,,0,,,,,
,,,,,,,,,,,,,,,,0,,0,,,,,
,,,,,,,,,,,,,,,,0,,0,,,,,
,,,,,,,,,,,,,,,,0,,0,,,,,
,,,,,,,,,,,,,,,,0,,0,,,,,
,,,,,,,,,,,,,,,,0,,0,,,,,
,,,,,,,,,,,,,,,,0,,0,,,,,
,,,,,,,,,,,,,,,,0,,0,,,,,
,,,,,,,,,,,,,,,,0,,0,,,,,
,,,,,,,,,,,,,,,,0,,0,,,,,
,,,,,,,,,,,,,,,,0,,0,,,,,
,,,,,,,,,,,,,,,,0,,0,,,,,
,,,,,,,,,,,,,,,,0,,0,,,,,
,,,,,,,,,,,,,,,,0,,0,,,,,
,,,,,,,,,,,,,,,,0,,0,,,,,
,,,,,,,,,,,,,,,,0,,0,,,,,
,,,,,,,,,,,,,,,,0,,0,,,,,
,,,,,,,,,,,,,,,,0,,0,,,,,
,,,,,,,,,,,,,,,,0,,0,,,,,
,,,,,,,,,,,,,,,,0,,0,,,,,
,,,,,,,,,,,,,,,,0,,0,,,,,
,,,,,,,,,,,,,,,,0,,0,,,,,
,,,,,,,,,,,,,,,,0,,0,,,,,
,,,,,,,,,,,,,,,,0,,0,,,,,
,,,,,,,,,,,,,,,,0,,0,,,,,
,,,,,,,,,,,,,,,,0,,0,,,,,
,,,,,,,,,,,,,,,,0,,0,,,,,
,,,,,,,,,,,,,,,,0,,0,,,,,
,,,,,,,,,,,,,,,,0,,0,,,,,
,,,,,,,,,,,,,,,,0,,0,,,,,
,,,,,,,,,,,,,,,,0,,0,,,,,
,,,,,,,,,,,,,,,,0,,0,,,,,
,,,,,,,,,,,,,,,,0,,0,,,,,
,,,,,,,,,,,,,,,,0,,0,,,,,
,,,,,,,,,,,,,,,,0,,0,,,,,
,,,,,,,,,,,,,,,,0,,0,,,,,
,,,,,,,,,,,,,,,,0,,0,,,,,
,,,,,,,,,,,,,,,,0,,0,,,,,
,,,,,,,,,,,,,,,,0,,0,,,,,
,,,,,,,,,,,,,,,,0,,0,,,,,
,,,,,,,,,,,,,,,,0,,0,,,,,
,,,,,,,,,,,,,,,,0,,0,,,,,
,,,,,,,,,,,,,,,,0,,0,,,,,
,,,,,,,,,,,,,,,,0,,0,,,,,
,,,,,,,,,,,,,,,,0,,0,,,,,
,,,,,,,,,,,,,,,,0,,0,,,,,
,,,,,,,,,,,,,,,,0,,0,,,,,
,,,,,,,,,,,,,,,,0,,0,,,,,
,,,,,,,,,,,,,,,,0,,0,,,,,
,,,,,,,,,,,,,,,,0,,0,,,,,
,,,,,,,,,,,,,,,,0,,0,,,,,
,,,,,,,,,,,,,,,,0,,0,,,,,
,,,,,,,,,,,,,,,,0,,0,,,,,
,,,,,,,,,,,,,,,,0,,0,,,,,
,,,,,,,,,,,,,,,,0,,0,,,,,
,,,,,,,,,,,,,,,,0,,0,,,,,
,,,,,,,,,,,,,,,,0,,0,,,,,
,,,,,,,,,,,,,,,,0,,0,,,,,
,,,,,,,,,,,,,,,,0,,0,,,,,
,,,,,,,,,,,,,,,,0,,0,,,,,
,,,,,,,,,,,,,,,,0,,0,,,,,
,,,,,,,,,,,,,,,,0,,0,,,,,
,,,,,,,,,,,,,,,,0,,0,,,,,
,,,,,,,,,,,,,,,,0,,0,,,,,
,,,,,,,,,,,,,,,,0,,0,,,,,
,,,,,,,,,,,,,,,,0,,0,,,,,
,,,,,,,,,,,,,,,,0,,0,,,,,
,,,,,,,,,,,,,,,,0,,0,,,,,
,,,,,,,,,,,,,,,,0,,0,,,,,
,,,,,,,,,,,,,,,,0,,0,,,,,
,,,,,,,,,,,,,,,,0,,0,,,,,
,,,,,,,,,,,,,,,,0,,0,,,,,
,,,,,,,,,,,,,,,,0,,0,,,,,
,,,,,,,,,,,,,,,,0,,0,,,,,
,,,,,,,,,,,,,,,,0,,0,,,,,
,,,,,,,,,,,,,,,,0,,0,,,,,
,,,,,,,,,,,,,,,,0,,0,,,,,
,,,,,,,,,,,,,,,,0,,0,,,,,
,,,,,,,,,,,,,,,,0,,0,,,,,
,,,,,,,,,,,,,,,,0,,0,,,,,
,,,,,,,,,,,,,,,,0,,0,,,,,
,,,,,,,,,,,,,,,,0,,0,,,,,
,,,,,,,,,,,,,,,,0,,0,,,,,
,,,,,,,,,,,,,,,,0,,0,,,,,
,,,,,,,,,,,,,,,,0,,0,,,,,
,,,,,,,,,,,,,,,,0,,0,,,,,
,,,,,,,,,,,,,,,,0,,0,,,,,
,,,,,,,,,,,,,,,,0,,0,,,,,
,,,,,,,,,,,,,,,,0,,0,,,,,
,,,,,,,,,,,,,,,,0,,0,,,,,
,,,,,,,,,,,,,,,,0,,0,,,,,
,,,,,,,,,,,,,,,,0,,0,,,,,
,,,,,,,,,,,,,,,,0,,0,,,,,
,,,,,,,,,,,,,,,,0,,0,,,,,
,,,,,,,,,,,,,,,,0,,0,,,,,
,,,,,,,,,,,,,,,,0,,0,,,,,
,,,,,,,,,,,,,,,,0,,0,,,,,
,,,,,,,,,,,,,,,,0,,0,,,,,
,,,,,,,,,,,,,,,,0,,0,,,,,
,,,,,,,,,,,,,,,,0,,0,,,,,
,,,,,,,,,,,,,,,,0,,0,,,,,
,,,,,,,,,,,,,,,,0,,0,,,,,
,,,,,,,,,,,,,,,,0,,0,,,,,
,,,,,,,,,,,,,,,,0,,0,,,,,
,,,,,,,,,,,,,,,,0,,0,,,,,
,,,,,,,,,,,,,,,,0,,0,,,,,
,,,,,,,,,,,,,,,,0,,0,,,,,
,,,,,,,,,,,,,,,,0,,0,,,,,
,,,,,,,,,,,,,,,,0,,0,,,,,
,,,,,,,,,,,,,,,,0,,0,,,,,
,,,,,,,,,,,,,,,,0,,0,,,,,
,,,,,,,,,,,,,,,,0,,0,,,,,
,,,,,,,,,,,,,,,,0,,0,,,,,
,,,,,,,,,,,,,,,,0,,0,,,,,
,,,,,,,,,,,,,,,,0,,0,,,,,
,,,,,,,,,,,,,,,,0,,0,,,,,
,,,,,,,,,,,,,,,,0,,0,,,,,
,,,,,,,,,,,,,,,,0,,0,,,,,
,,,,,,,,,,,,,,,,0,,0,,,,,
,,,,,,,,,,,,,,,,0,,0,,,,,
,,,,,,,,,,,,,,,,0,,0,,,,,
,,,,,,,,,,,,,,,,0,,0,,,,,
,,,,,,,,,,,,,,,,0,,0,,,,,
,,,,,,,,,,,,,,,,0,,0,,,,,
,,,,,,,,,,,,,,,,0,,0,,,,,
,,,,,,,,,,,,,,,,0,,0,,,,,
,,,,,,,,,,,,,,,,0,,0,,,,,
,,,,,,,,,,,,,,,,0,,0,,,,,
,,,,,,,,,,,,,,,,0,,0,,,,,
,,,,,,,,,,,,,,,,0,,0,,,,,
,,,,,,,,,,,,,,,,0,,0,,,,,
,,,,,,,,,,,,,,,,0,,0,,,,,
,,,,,,,,,,,,,,,,0,,0,,,,,
,,,,,,,,,,,,,,,,0,,0,,,,,
,,,,,,,,,,,,,,,,0,,0,,,,,
,,,,,,,,,,,,,,,,0,,0,,,,,
,,,,,,,,,,,,,,,,0,,0,,,,,
,,,,,,,,,,,,,,,,0,,0,,,,,
,,,,,,,,,,,,,,,,0,,0,,,,,
,,,,,,,,,,,,,,,,0,,0,,,,,
,,,,,,,,,,,,,,,,0,,0,,,,,
,,,,,,,,,,,,,,,,0,,0,,,,,
,,,,,,,,,,,,,,,,0,,0,,,,,
,,,,,,,,,,,,,,,,0,,0,,,,,
,,,,,,,,,,,,,,,,0,,0,,,,,
,,,,,,,,,,,,,,,,0,,0,,,,,
,,,,,,,,,,,,,,,,0,,0,,,,,
,,,,,,,,,,,,,,,,0,,0,,,,,
,,,,,,,,,,,,,,,,0,,0,,,,,
,,,,,,,,,,,,,,,,0,,0,,,,,
,,,,,,,,,,,,,,,,0,,0,,,,,
,,,,,,,,,,,,,,,,0,,0,,,,,
,,,,,,,,,,,,,,,,0,,0,,,,,
,,,,,,,,,,,,,,,,0,,0,,,,,
,,,,,,,,,,,,,,,,0,,0,,,,,
,,,,,,,,,,,,,,,,0,,0,,,,,
,,,,,,,,,,,,,,,,0,,0,,,,,
,,,,,,,,,,,,,,,,0,,0,,,,,
,,,,,,,,,,,,,,,,0,,0,,,,,
,,,,,,,,,,,,,,,,0,,0,,,,,
,,,,,,,,,,,,,,,,0,,0,,,,,
,,,,,,,,,,,,,,,,0,,0,,,,,
,,,,,,,,,,,,,,,,0,,0,,,,,
,,,,,,,,,,,,,,,,0,,0,,,,,
,,,,,,,,,,,,,,,,0,,0,,,,,
,,,,,,,,,,,,,,,,0,,0,,,,,
,,,,,,,,,,,,,,,,0,,0,,,,,
,,,,,,,,,,,,,,,,0,,0,,,,,
,,,,,,,,,,,,,,,,0,,0,,,,,
,,,,,,,,,,,,,,,,0,,0,,,,,
,,,,,,,,,,,,,,,,0,,0,,,,,
,,,,,,,,,,,,,,,,0,,0,,,,,
,,,,,,,,,,,,,,,,0,,0,,,,,
,,,,,,,,,,,,,,,,0,,0,,,,,
,,,,,,,,,,,,,,,,0,,0,,,,,
,,,,,,,,,,,,,,,,0,,0,,,,,
,,,,,,,,,,,,,,,,0,,0,,,,,
,,,,,,,,,,,,,,,,0,,0,,,,,
,,,,,,,,,,,,,,,,0,,0,,,,,
,,,,,,,,,,,,,,,,0,,0,,,,,
,,,,,,,,,,,,,,,,0,,0,,,,,
,,,,,,,,,,,,,,,,0,,0,,,,,
,,,,,,,,,,,,,,,,0,,0,,,,,
,,,,,,,,,,,,,,,,0,,0,,,,,
,,,,,,,,,,,,,,,,0,,0,,,,,
,,,,,,,,,,,,,,,,0,,0,,,,,
,,,,,,,,,,,,,,,,0,,0,,,,,
,,,,,,,,,,,,,,,,0,,0,,,,,
,,,,,,,,,,,,,,,,0,,0,,,,,
,,,,,,,,,,,,,,,,0,,0,,,,,
,,,,,,,,,,,,,,,,0,,0,,,,,
,,,,,,,,,,,,,,,,0,,0,,,,,
,,,,,,,,,,,,,,,,0,,0,,,,,
,,,,,,,,,,,,,,,,0,,0,,,,,
,,,,,,,,,,,,,,,,0,,0,,,,,
,,,,,,,,,,,,,,,,0,,0,,,,,
,,,,,,,,,,,,,,,,0,,0,,,,,
,,,,,,,,,,,,,,,,0,,0,,,,,
,,,,,,,,,,,,,,,,0,,0,,,,,
,,,,,,,,,,,,,,,,0,,0,,,,,
,,,,,,,,,,,,,,,,0,,0,,,,,
,,,,,,,,,,,,,,,,0,,0,,,,,
,,,,,,,,,,,,,,,,0,,0,,,,,
,,,,,,,,,,,,,,,,0,,0,,,,,
,,,,,,,,,,,,,,,,0,,0,,,,,
,,,,,,,,,,,,,,,,0,,0,,,,,
,,,,,,,,,,,,,,,,0,,0,,,,,
,,,,,,,,,,,,,,,,0,,0,,,,,
,,,,,,,,,,,,,,,,0,,0,,,,,
,,,,,,,,,,,,,,,,0,,0,,,,,
,,,,,,,,,,,,,,,,0,,0,,,,,
,,,,,,,,,,,,,,,,0,,0,,,,,
,,,,,,,,,,,,,,,,0,,0,,,,,
,,,,,,,,,,,,,,,,0,,0,,,,,
,,,,,,,,,,,,,,,,0,,0,,,,,
,,,,,,,,,,,,,,,,0,,0,,,,,
,,,,,,,,,,,,,,,,0,,0,,,,,
,,,,,,,,,,,,,,,,0,,0,,,,,
,,,,,,,,,,,,,,,,0,,0,,,,,
,,,,,,,,,,,,,,,,0,,0,,,,,
,,,,,,,,,,,,,,,,0,,0,,,,,
,,,,,,,,,,,,,,,,0,,0,,,,,
,,,,,,,,,,,,,,,,0,,0,,,,,
,,,,,,,,,,,,,,,,0,,0,,,,,
,,,,,,,,,,,,,,,,0,,0,,,,,
,,,,,,,,,,,,,,,,0,,0,,,,,
,,,,,,,,,,,,,,,,0,,0,,,,,
,,,,,,,,,,,,,,,,0,,0,,,,,
,,,,,,,,,,,,,,,,0,,0,,,,,
,,,,,,,,,,,,,,,,0,,0,,,,,
,,,,,,,,,,,,,,,,0,,0,,,,,
,,,,,,,,,,,,,,,,0,,0,,,,,
,,,,,,,,,,,,,,,,0,,0,,,,,
,,,,,,,,,,,,,,,,0,,0,,,,,
,,,,,,,,,,,,,,,,0,,0,,,,,
,,,,,,,,,,,,,,,,0,,0,,,,,
,,,,,,,,,,,,,,,,0,,0,,,,,
,,,,,,,,,,,,,,,,0,,0,,,,,
,,,,,,,,,,,,,,,,0,,0,,,,,
,,,,,,,,,,,,,,,,0,,0,,,,,
,,,,,,,,,,,,,,,,0,,0,,,,,
,,,,,,,,,,,,,,,,0,,0,,,,,
,,,,,,,,,,,,,,,,0,,0,,,,,
,,,,,,,,,,,,,,,,0,,0,,,,,
,,,,,,,,,,,,,,,,0,,0,,,,,
,,,,,,,,,,,,,,,,0,,0,,,,,
,,,,,,,,,,,,,,,,0,,0,,,,,
,,,,,,,,,,,,,,,,0,,0,,,,,
,,,,,,,,,,,,,,,,0,,0,,,,,
,,,,,,,,,,,,,,,,0,,0,,,,,
,,,,,,,,,,,,,,,,0,,0,,,,,
,,,,,,,,,,,,,,,,0,,0,,,,,
,,,,,,,,,,,,,,,,0,,0,,,,,
,,,,,,,,,,,,,,,,0,,0,,,,,
,,,,,,,,,,,,,,,,0,,0,,,,,
,,,,,,,,,,,,,,,,0,,0,,,,,
,,,,,,,,,,,,,,,,0,,0,,,,,
,,,,,,,,,,,,,,,,0,,0,,,,,
,,,,,,,,,,,,,,,,0,,0,,,,,
,,,,,,,,,,,,,,,,0,,0,,,,,
,,,,,,,,,,,,,,,,0,,0,,,,,
,,,,,,,,,,,,,,,,0,,0,,,,,
,,,,,,,,,,,,,,,,0,,0,,,,,
,,,,,,,,,,,,,,,,0,,0,,,,,
,,,,,,,,,,,,,,,,0,,0,,,,,
,,,,,,,,,,,,,,,,0,,0,,,,,
,,,,,,,,,,,,,,,,0,,0,,,,,
,,,,,,,,,,,,,,,,0,,0,,,,,
,,,,,,,,,,,,,,,,0,,0,,,,,
,,,,,,,,,,,,,,,,0,,0,,,,,
,,,,,,,,,,,,,,,,0,,0,,,,,
,,,,,,,,,,,,,,,,0,,0,,,,,
,,,,,,,,,,,,,,,,0,,0,,,,,
,,,,,,,,,,,,,,,,0,,0,,,,,
,,,,,,,,,,,,,,,,0,,0,,,,,
,,,,,,,,,,,,,,,,0,,0,,,,,
,,,,,,,,,,,,,,,,0,,0,,,,,
,,,,,,,,,,,,,,,,0,,0,,,,,
,,,,,,,,,,,,,,,,0,,0,,,,,
,,,,,,,,,,,,,,,,0,,0,,,,,
,,,,,,,,,,,,,,,,0,,0,,,,,
,,,,,,,,,,,,,,,,0,,0,,,,,
,,,,,,,,,,,,,,,,0,,0,,,,,
,,,,,,,,,,,,,,,,0,,0,,,,,
,,,,,,,,,,,,,,,,0,,0,,,,,
,,,,,,,,,,,,,,,,0,,0,,,,,
,,,,,,,,,,,,,,,,0,,0,,,,,
,,,,,,,,,,,,,,,,0,,0,,,,,
,,,,,,,,,,,,,,,,0,,0,,,,,
,,,,,,,,,,,,,,,,0,,0,,,,,
,,,,,,,,,,,,,,,,0,,0,,,,,
,,,,,,,,,,,,,,,,0,,0,,,,,
,,,,,,,,,,,,,,,,0,,0,,,,,
,,,,,,,,,,,,,,,,0,,0,,,,,
,,,,,,,,,,,,,,,,0,,0,,,,,
,,,,,,,,,,,,,,,,0,,0,,,,,
,,,,,,,,,,,,,,,,0,,0,,,,,
,,,,,,,,,,,,,,,,0,,0,,,,,
,,,,,,,,,,,,,,,,0,,0,,,,,
,,,,,,,,,,,,,,,,0,,0,,,,,
,,,,,,,,,,,,,,,,0,,0,,,,,
,,,,,,,,,,,,,,,,0,,0,,,,,
,,,,,,,,,,,,,,,,0,,0,,,,,
,,,,,,,,,,,,,,,,0,,0,,,,,
,,,,,,,,,,,,,,,,0,,0,,,,,
,,,,,,,,,,,,,,,,0,,0,,,,,
,,,,,,,,,,,,,,,,0,,0,,,,,
,,,,,,,,,,,,,,,,0,,0,,,,,
,,,,,,,,,,,,,,,,0,,0,,,,,
,,,,,,,,,,,,,,,,0,,0,,,,,
,,,,,,,,,,,,,,,,0,,0,,,,,
,,,,,,,,,,,,,,,,0,,0,,,,,
,,,,,,,,,,,,,,,,0,,0,,,,,
,,,,,,,,,,,,,,,,0,,0,,,,,
,,,,,,,,,,,,,,,,0,,0,,,,,
,,,,,,,,,,,,,,,,0,,0,,,,,
,,,,,,,,,,,,,,,,0,,0,,,,,
,,,,,,,,,,,,,,,,0,,0,,,,,
,,,,,,,,,,,,,,,,0,,0,,,,,
,,,,,,,,,,,,,,,,0,,0,,,,,
,,,,,,,,,,,,,,,,0,,0,,,,,
,,,,,,,,,,,,,,,,0,,0,,,,,
,,,,,,,,,,,,,,,,0,,0,,,,,
,,,,,,,,,,,,,,,,0,,0,,,,,
,,,,,,,,,,,,,,,,0,,0,,,,,
,,,,,,,,,,,,,,,,0,,0,,,,,
,,,,,,,,,,,,,,,,0,,0,,,,,
,,,,,,,,,,,,,,,,0,,0,,,,,
,,,,,,,,,,,,,,,,0,,0,,,,,
,,,,,,,,,,,,,,,,0,,0,,,,,
,,,,,,,,,,,,,,,,0,,0,,,,,
,,,,,,,,,,,,,,,,0,,0,,,,,
,,,,,,,,,,,,,,,,0,,0,,,,,
,,,,,,,,,,,,,,,,0,,0,,,,,
,,,,,,,,,,,,,,,,0,,0,,,,,
,,,,,,,,,,,,,,,,0,,0,,,,,
,,,,,,,,,,,,,,,,0,,0,,,,,
,,,,,,,,,,,,,,,,0,,0,,,,,
,,,,,,,,,,,,,,,,0,,0,,,,,
,,,,,,,,,,,,,,,,0,,0,,,,,
,,,,,,,,,,,,,,,,0,,0,,,,,
,,,,,,,,,,,,,,,,0,,0,,,,,
,,,,,,,,,,,,,,,,0,,0,,,,,
,,,,,,,,,,,,,,,,0,,0,,,,,
,,,,,,,,,,,,,,,,0,,0,,,,,
,,,,,,,,,,,,,,,,0,,0,,,,,
,,,,,,,,,,,,,,,,0,,0,,,,,
,,,,,,,,,,,,,,,,0,,0,,,,,
,,,,,,,,,,,,,,,,0,,0,,,,,
,,,,,,,,,,,,,,,,0,,0,,,,,
,,,,,,,,,,,,,,,,0,,0,,,,,
,,,,,,,,,,,,,,,,0,,0,,,,,
,,,,,,,,,,,,,,,,0,,0,,,,,
,,,,,,,,,,,,,,,,0,,0,,,,,
,,,,,,,,,,,,,,,,0,,0,,,,,
,,,,,,,,,,,,,,,,0,,0,,,,,
,,,,,,,,,,,,,,,,0,,0,,,,,
,,,,,,,,,,,,,,,,0,,0,,,,,
,,,,,,,,,,,,,,,,0,,0,,,,,
,,,,,,,,,,,,,,,,0,,0,,,,,
,,,,,,,,,,,,,,,,0,,0,,,,,
,,,,,,,,,,,,,,,,0,,0,,,,,
,,,,,,,,,,,,,,,,0,,0,,,,,
,,,,,,,,,,,,,,,,0,,0,,,,,
,,,,,,,,,,,,,,,,0,,0,,,,,
,,,,,,,,,,,,,,,,0,,0,,,,,
,,,,,,,,,,,,,,,,0,,0,,,,,
,,,,,,,,,,,,,,,,0,,0,,,,,
,,,,,,,,,,,,,,,,0,,0,,,,,
,,,,,,,,,,,,,,,,0,,0,,,,,
,,,,,,,,,,,,,,,,0,,0,,,,,
,,,,,,,,,,,,,,,,0,,0,,,,,
,,,,,,,,,,,,,,,,0,,0,,,,,
,,,,,,,,,,,,,,,,0,,0,,,,,
,,,,,,,,,,,,,,,,0,,0,,,,,
,,,,,,,,,,,,,,,,0,,0,,,,,
,,,,,,,,,,,,,,,,0,,0,,,,,
,,,,,,,,,,,,,,,,0,,0,,,,,
,,,,,,,,,,,,,,,,0,,0,,,,,
,,,,,,,,,,,,,,,,0,,0,,,,,
,,,,,,,,,,,,,,,,0,,0,,,,,
,,,,,,,,,,,,,,,,0,,0,,,,,
,,,,,,,,,,,,,,,,0,,0,,,,,
,,,,,,,,,,,,,,,,0,,0,,,,,
,,,,,,,,,,,,,,,,0,,0,,,,,
,,,,,,,,,,,,,,,,0,,0,,,,,
,,,,,,,,,,,,,,,,0,,0,,,,,
,,,,,,,,,,,,,,,,0,,0,,,,,
,,,,,,,,,,,,,,,,0,,0,,,,,
,,,,,,,,,,,,,,,,0,,0,,,,,
,,,,,,,,,,,,,,,,0,,0,,,,,
,,,,,,,,,,,,,,,,0,,0,,,,,
,,,,,,,,,,,,,,,,0,,0,,,,,
,,,,,,,,,,,,,,,,0,,0,,,,,
,,,,,,,,,,,,,,,,0,,0,,,,,
,,,,,,,,,,,,,,,,0,,0,,,,,
,,,,,,,,,,,,,,,,0,,0,,,,,
,,,,,,,,,,,,,,,,0,,0,,,,,
,,,,,,,,,,,,,,,,0,,0,,,,,
,,,,,,,,,,,,,,,,0,,0,,,,,
,,,,,,,,,,,,,,,,0,,0,,,,,
,,,,,,,,,,,,,,,,0,,0,,,,,
,,,,,,,,,,,,,,,,0,,0,,,,,
,,,,,,,,,,,,,,,,0,,0,,,,,
,,,,,,,,,,,,,,,,0,,0,,,,,
,,,,,,,,,,,,,,,,0,,0,,,,,
,,,,,,,,,,,,,,,,0,,0,,,,,
,,,,,,,,,,,,,,,,0,,0,,,,,
,,,,,,,,,,,,,,,,0,,0,,,,,
,,,,,,,,,,,,,,,,0,,0,,,,,
,,,,,,,,,,,,,,,,0,,0,,,,,
,,,,,,,,,,,,,,,,0,,0,,,,,
,,,,,,,,,,,,,,,,0,,0,,,,,
,,,,,,,,,,,,,,,,0,,0,,,,,
,,,,,,,,,,,,,,,,0,,0,,,,,
,,,,,,,,,,,,,,,,0,,0,,,,,
,,,,,,,,,,,,,,,,0,,0,,,,,
,,,,,,,,,,,,,,,,0,,0,,,,,
,,,,,,,,,,,,,,,,0,,0,,,,,
,,,,,,,,,,,,,,,,0,,0,,,,,
,,,,,,,,,,,,,,,,0,,0,,,,,
,,,,,,,,,,,,,,,,0,,0,,,,,
,,,,,,,,,,,,,,,,0,,0,,,,,
,,,,,,,,,,,,,,,,0,,0,,,,,
,,,,,,,,,,,,,,,,0,,0,,,,,
,,,,,,,,,,,,,,,,0,,0,,,,,
,,,,,,,,,,,,,,,,0,,0,,,,,
,,,,,,,,,,,,,,,,0,,0,,,,,
,,,,,,,,,,,,,,,,0,,0,,,,,
,,,,,,,,,,,,,,,,0,,0,,,,,
,,,,,,,,,,,,,,,,0,,0,,,,,
,,,,,,,,,,,,,,,,0,,0,,,,,
,,,,,,,,,,,,,,,,0,,0,,,,,
,,,,,,,,,,,,,,,,0,,0,,,,,
,,,,,,,,,,,,,,,,0,,0,,,,,
,,,,,,,,,,,,,,,,0,,0,,,,,
,,,,,,,,,,,,,,,,0,,0,,,,,
,,,,,,,,,,,,,,,,0,,0,,,,,
,,,,,,,,,,,,,,,,0,,0,,,,,
,,,,,,,,,,,,,,,,0,,0,,,,,
,,,,,,,,,,,,,,,,0,,0,,,,,
,,,,,,,,,,,,,,,,0,,0,,,,,
,,,,,,,,,,,,,,,,0,,0,,,,,
,,,,,,,,,,,,,,,,0,,0,,,,,
,,,,,,,,,,,,,,,,0,,0,,,,,
,,,,,,,,,,,,,,,,0,,0,,,,,
,,,,,,,,,,,,,,,,0,,0,,,,,
,,,,,,,,,,,,,,,,0,,0,,,,,
,,,,,,,,,,,,,,,,0,,0,,,,,
,,,,,,,,,,,,,,,,0,,0,,,,,
,,,,,,,,,,,,,,,,0,,0,,,,,
,,,,,,,,,,,,,,,,0,,0,,,,,
,,,,,,,,,,,,,,,,0,,0,,,,,
,,,,,,,,,,,,,,,,0,,0,,,,,
,,,,,,,,,,,,,,,,0,,0,,,,,
,,,,,,,,,,,,,,,,0,,0,,,,,
,,,,,,,,,,,,,,,,0,,0,,,,,
,,,,,,,,,,,,,,,,0,,0,,,,,
,,,,,,,,,,,,,,,,0,,0,,,,,
,,,,,,,,,,,,,,,,0,,0,,,,,
,,,,,,,,,,,,,,,,0,,0,,,,,
,,,,,,,,,,,,,,,,0,,0,,,,,
,,,,,,,,,,,,,,,,0,,0,,,,,
,,,,,,,,,,,,,,,,0,,0,,,,,
,,,,,,,,,,,,,,,,0,,0,,,,,
,,,,,,,,,,,,,,,,0,,0,,,,,
,,,,,,,,,,,,,,,,0,,0,,,,,
,,,,,,,,,,,,,,,,0,,0,,,,,
,,,,,,,,,,,,,,,,0,,0,,,,,
,,,,,,,,,,,,,,,,0,,0,,,,,
,,,,,,,,,,,,,,,,0,,0,,,,,
,,,,,,,,,,,,,,,,0,,0,,,,,
,,,,,,,,,,,,,,,,0,,0,,,,,
,,,,,,,,,,,,,,,,0,,0,,,,,
,,,,,,,,,,,,,,,,0,,0,,,,,
,,,,,,,,,,,,,,,,0,,0,,,,,
,,,,,,,,,,,,,,,,0,,0,,,,,
,,,,,,,,,,,,,,,,0,,0,,,,,
,,,,,,,,,,,,,,,,0,,0,,,,,
,,,,,,,,,,,,,,,,0,,0,,,,,
,,,,,,,,,,,,,,,,0,,0,,,,,
,,,,,,,,,,,,,,,,0,,0,,,,,
,,,,,,,,,,,,,,,,0,,0,,,,,
,,,,,,,,,,,,,,,,0,,0,,,,,
,,,,,,,,,,,,,,,,0,,0,,,,,
,,,,,,,,,,,,,,,,0,,0,,,,,
,,,,,,,,,,,,,,,,0,,0,,,,,
,,,,,,,,,,,,,,,,0,,0,,,,,
,,,,,,,,,,,,,,,,0,,0,,,,,
,,,,,,,,,,,,,,,,0,,0,,,,,
,,,,,,,,,,,,,,,,0,,0,,,,,
,,,,,,,,,,,,,,,,0,,0,,,,,
,,,,,,,,,,,,,,,,0,,0,,,,,
,,,,,,,,,,,,,,,,0,,0,,,,,
,,,,,,,,,,,,,,,,0,,0,,,,,
,,,,,,,,,,,,,,,,0,,0,,,,,
,,,,,,,,,,,,,,,,0,,0,,,,,
,,,,,,,,,,,,,,,,0,,0,,,,,
,,,,,,,,,,,,,,,,0,,0,,,,,
,,,,,,,,,,,,,,,,0,,0,,,,,
,,,,,,,,,,,,,,,,0,,0,,,,,
,,,,,,,,,,,,,,,,0,,0,,,,,
,,,,,,,,,,,,,,,,0,,0,,,,,
,,,,,,,,,,,,,,,,0,,0,,,,,
,,,,,,,,,,,,,,,,0,,0,,,,,
,,,,,,,,,,,,,,,,0,,0,,,,,
,,,,,,,,,,,,,,,,0,,0,,,,,
,,,,,,,,,,,,,,,,0,,0,,,,,
,,,,,,,,,,,,,,,,0,,0,,,,,
,,,,,,,,,,,,,,,,0,,0,,,,,
,,,,,,,,,,,,,,,,0,,0,,,,,
,,,,,,,,,,,,,,,,0,,0,,,,,
,,,,,,,,,,,,,,,,0,,0,,,,,
,,,,,,,,,,,,,,,,0,,0,,,,,
,,,,,,,,,,,,,,,,0,,0,,,,,
,,,,,,,,,,,,,,,,0,,0,,,,,
,,,,,,,,,,,,,,,,0,,0,,,,,
,,,,,,,,,,,,,,,,0,,0,,,,,
,,,,,,,,,,,,,,,,0,,0,,,,,
,,,,,,,,,,,,,,,,0,,0,,,,,
,,,,,,,,,,,,,,,,0,,0,,,,,
,,,,,,,,,,,,,,,,0,,0,,,,,
,,,,,,,,,,,,,,,,0,,0,,,,,
,,,,,,,,,,,,,,,,0,,0,,,,,
,,,,,,,,,,,,,,,,0,,0,,,,,
,,,,,,,,,,,,,,,,0,,0,,,,,
,,,,,,,,,,,,,,,,0,,0,,,,,
,,,,,,,,,,,,,,,,0,,0,,,,,
,,,,,,,,,,,,,,,,0,,0,,,,,
,,,,,,,,,,,,,,,,0,,0,,,,,
,,,,,,,,,,,,,,,,0,,0,,,,,
,,,,,,,,,,,,,,,,0,,0,,,,,
,,,,,,,,,,,,,,,,0,,0,,,,,
,,,,,,,,,,,,,,,,0,,0,,,,,
,,,,,,,,,,,,,,,,0,,0,,,,,
,,,,,,,,,,,,,,,,0,,0,,,,,
,,,,,,,,,,,,,,,,0,,0,,,,,
,,,,,,,,,,,,,,,,0,,0,,,,,
,,,,,,,,,,,,,,,,0,,0,,,,,
,,,,,,,,,,,,,,,,0,,0,,,,,
,,,,,,,,,,,,,,,,0,,0,,,,,
,,,,,,,,,,,,,,,,0,,0,,,,,
,,,,,,,,,,,,,,,,0,,0,,,,,
,,,,,,,,,,,,,,,,0,,0,,,,,
,,,,,,,,,,,,,,,,0,,0,,,,,
,,,,,,,,,,,,,,,,0,,0,,,,,
,,,,,,,,,,,,,,,,0,,0,,,,,
,,,,,,,,,,,,,,,,0,,0,,,,,
,,,,,,,,,,,,,,,,0,,0,,,,,
,,,,,,,,,,,,,,,,0,,0,,,,,
,,,,,,,,,,,,,,,,0,,0,,,,,
,,,,,,,,,,,,,,,,0,,0,,,,,
,,,,,,,,,,,,,,,,0,,0,,,,,
,,,,,,,,,,,,,,,,0,,0,,,,,
,,,,,,,,,,,,,,,,0,,0,,,,,
,,,,,,,,,,,,,,,,0,,0,,,,,
,,,,,,,,,,,,,,,,0,,0,,,,,
,,,,,,,,,,,,,,,,0,,0,,,,,
,,,,,,,,,,,,,,,,0,,0,,,,,
,,,,,,,,,,,,,,,,0,,0,,,,,
,,,,,,,,,,,,,,,,0,,0,,,,,
,,,,,,,,,,,,,,,,0,,0,,,,,
,,,,,,,,,,,,,,,,0,,0,,,,,
,,,,,,,,,,,,,,,,0,,0,,,,,
,,,,,,,,,,,,,,,,0,,0,,,,,
,,,,,,,,,,,,,,,,0,,0,,,,,
,,,,,,,,,,,,,,,,0,,0,,,,,
,,,,,,,,,,,,,,,,0,,0,,,,,
,,,,,,,,,,,,,,,,0,,0,,,,,
,,,,,,,,,,,,,,,,0,,0,,,,,
,,,,,,,,,,,,,,,,0,,0,,,,,
,,,,,,,,,,,,,,,,0,,0,,,,,
,,,,,,,,,,,,,,,,0,,0,,,,,
,,,,,,,,,,,,,,,,0,,0,,,,,
,,,,,,,,,,,,,,,,0,,0,,,,,
,,,,,,,,,,,,,,,,0,,0,,,,,
,,,,,,,,,,,,,,,,0,,0,,,,,
,,,,,,,,,,,,,,,,0,,0,,,,,
,,,,,,,,,,,,,,,,0,,0,,,,,
,,,,,,,,,,,,,,,,0,,0,,,,,
,,,,,,,,,,,,,,,,0,,0,,,,,
,,,,,,,,,,,,,,,,0,,0,,,,,
,,,,,,,,,,,,,,,,0,,0,,,,,
,,,,,,,,,,,,,,,,0,,0,,,,,
,,,,,,,,,,,,,,,,0,,0,,,,,
,,,,,,,,,,,,,,,,0,,0,,,,,
,,,,,,,,,,,,,,,,0,,0,,,,,
,,,,,,,,,,,,,,,,0,,0,,,,,
,,,,,,,,,,,,,,,,0,,0,,,,,
,,,,,,,,,,,,,,,,0,,0,,,,,
,,,,,,,,,,,,,,,,0,,0,,,,,
,,,,,,,,,,,,,,,,0,,0,,,,,
,,,,,,,,,,,,,,,,0,,0,,,,,
,,,,,,,,,,,,,,,,0,,0,,,,,
,,,,,,,,,,,,,,,,0,,0,,,,,
,,,,,,,,,,,,,,,,0,,0,,,,,
,,,,,,,,,,,,,,,,0,,0,,,,,
,,,,,,,,,,,,,,,,0,,0,,,,,
,,,,,,,,,,,,,,,,0,,0,,,,,
,,,,,,,,,,,,,,,,0,,0,,,,,
,,,,,,,,,,,,,,,,0,,0,,,,,
,,,,,,,,,,,,,,,,0,,0,,,,,
,,,,,,,,,,,,,,,,0,,0,,,,,
,,,,,,,,,,,,,,,,0,,0,,,,,
,,,,,,,,,,,,,,,,0,,0,,,,,
,,,,,,,,,,,,,,,,0,,0,,,,,
,,,,,,,,,,,,,,,,0,,0,,,,,
,,,,,,,,,,,,,,,,0,,0,,,,,
,,,,,,,,,,,,,,,,0,,0,,,,,
,,,,,,,,,,,,,,,,0,,0,,,,,
,,,,,,,,,,,,,,,,0,,0,,,,,
,,,,,,,,,,,,,,,,0,,0,,,,,
,,,,,,,,,,,,,,,,0,,0,,,,,
,,,,,,,,,,,,,,,,0,,0,,,,,
,,,,,,,,,,,,,,,,0,,0,,,,,
,,,,,,,,,,,,,,,,0,,0,,,,,
,,,,,,,,,,,,,,,,0,,0,,,,,
,,,,,,,,,,,,,,,,0,,0,,,,,
,,,,,,,,,,,,,,,,0,,0,,,,,
,,,,,,,,,,,,,,,,0,,0,,,,,
,,,,,,,,,,,,,,,,0,,0,,,,,
,,,,,,,,,,,,,,,,0,,0,,,,,
,,,,,,,,,,,,,,,,0,,0,,,,,
,,,,,,,,,,,,,,,,0,,0,,,,,
,,,,,,,,,,,,,,,,0,,0,,,,,
,,,,,,,,,,,,,,,,0,,0,,,,,
,,,,,,,,,,,,,,,,0,,0,,,,,
,,,,,,,,,,,,,,,,0,,0,,,,,
,,,,,,,,,,,,,,,,0,,0,,,,,
,,,,,,,,,,,,,,,,0,,0,,,,,
,,,,,,,,,,,,,,,,0,,0,,,,,
,,,,,,,,,,,,,,,,0,,0,,,,,
,,,,,,,,,,,,,,,,0,,0,,,,,
,,,,,,,,,,,,,,,,0,,0,,,,,
,,,,,,,,,,,,,,,,0,,0,,,,,
,,,,,,,,,,,,,,,,0,,0,,,,,
,,,,,,,,,,,,,,,,0,,0,,,,,
,,,,,,,,,,,,,,,,0,,0,,,,,
,,,,,,,,,,,,,,,,0,,0,,,,,
,,,,,,,,,,,,,,,,0,,0,,,,,
,,,,,,,,,,,,,,,,0,,0,,,,,
,,,,,,,,,,,,,,,,0,,0,,,,,
,,,,,,,,,,,,,,,,0,,0,,,,,
,,,,,,,,,,,,,,,,0,,0,,,,,
,,,,,,,,,,,,,,,,0,,0,,,,,
,,,,,,,,,,,,,,,,0,,0,,,,,
,,,,,,,,,,,,,,,,0,,0,,,,,
,,,,,,,,,,,,,,,,0,,0,,,,,
,,,,,,,,,,,,,,,,0,,0,,,,,
,,,,,,,,,,,,,,,,0,,0,,,,,
,,,,,,,,,,,,,,,,0,,0,,,,,
,,,,,,,,,,,,,,,,0,,0,,,,,
,,,,,,,,,,,,,,,,0,,0,,,,,
,,,,,,,,,,,,,,,,0,,0,,,,,
,,,,,,,,,,,,,,,,0,,0,,,,,
,,,,,,,,,,,,,,,,0,,0,,,,,
,,,,,,,,,,,,,,,,0,,0,,,,,
,,,,,,,,,,,,,,,,0,,0,,,,,
,,,,,,,,,,,,,,,,0,,0,,,,,
,,,,,,,,,,,,,,,,0,,0,,,,,
,,,,,,,,,,,,,,,,0,,0,,,,,
,,,,,,,,,,,,,,,,0,,0,,,,,
,,,,,,,,,,,,,,,,0,,0,,,,,
,,,,,,,,,,,,,,,,0,,0,,,,,
,,,,,,,,,,,,,,,,0,,0,,,,,
,,,,,,,,,,,,,,,,0,,0,,,,,
,,,,,,,,,,,,,,,,0,,0,,,,,
,,,,,,,,,,,,,,,,0,,0,,,,,
,,,,,,,,,,,,,,,,0,,0,,,,,
,,,,,,,,,,,,,,,,0,,0,,,,,
,,,,,,,,,,,,,,,,0,,0,,,,,
,,,,,,,,,,,,,,,,0,,0,,,,,
,,,,,,,,,,,,,,,,0,,0,,,,,
,,,,,,,,,,,,,,,,0,,0,,,,,
,,,,,,,,,,,,,,,,0,,0,,,,,
,,,,,,,,,,,,,,,,0,,0,,,,,
,,,,,,,,,,,,,,,,0,,0,,,,,
,,,,,,,,,,,,,,,,0,,0,,,,,
,,,,,,,,,,,,,,,,0,,0,,,,,
,,,,,,,,,,,,,,,,0,,0,,,,,
,,,,,,,,,,,,,,,,0,,0,,,,,
,,,,,,,,,,,,,,,,0,,0,,,,,
,,,,,,,,,,,,,,,,0,,0,,,,,
,,,,,,,,,,,,,,,,0,,0,,,,,
,,,,,,,,,,,,,,,,0,,0,,,,,
,,,,,,,,,,,,,,,,0,,0,,,,,
,,,,,,,,,,,,,,,,0,,0,,,,,
,,,,,,,,,,,,,,,,0,,0,,,,,
,,,,,,,,,,,,,,,,0,,0,,,,,
,,,,,,,,,,,,,,,,0,,0,,,,,
,,,,,,,,,,,,,,,,0,,0,,,,,
,,,,,,,,,,,,,,,,0,,0,,,,,
,,,,,,,,,,,,,,,,0,,0,,,,,
,,,,,,,,,,,,,,,,0,,0,,,,,
,,,,,,,,,,,,,,,,0,,0,,,,,
,,,,,,,,,,,,,,,,0,,0,,,,,
,,,,,,,,,,,,,,,,0,,0,,,,,
,,,,,,,,,,,,,,,,0,,0,,,,,
,,,,,,,,,,,,,,,,0,,0,,,,,
,,,,,,,,,,,,,,,,0,,0,,,,,
,,,,,,,,,,,,,,,,0,,0,,,,,
,,,,,,,,,,,,,,,,0,,0,,,,,
,,,,,,,,,,,,,,,,0,,0,,,,,
,,,,,,,,,,,,,,,,0,,0,,,,,
,,,,,,,,,,,,,,,,0,,0,,,,,
,,,,,,,,,,,,,,,,0,,0,,,,,
,,,,,,,,,,,,,,,,0,,0,,,,,
,,,,,,,,,,,,,,,,0,,0,,,,,
,,,,,,,,,,,,,,,,0,,0,,,,,
,,,,,,,,,,,,,,,,0,,0,,,,,
,,,,,,,,,,,,,,,,0,,0,,,,,
,,,,,,,,,,,,,,,,0,,0,,,,,
,,,,,,,,,,,,,,,,0,,0,,,,,
,,,,,,,,,,,,,,,,0,,0,,,,,
,,,,,,,,,,,,,,,,0,,0,,,,,
,,,,,,,,,,,,,,,,0,,0,,,,,
,,,,,,,,,,,,,,,,0,,0,,,,,
,,,,,,,,,,,,,,,,0,,0,,,,,
,,,,,,,,,,,,,,,,0,,0,,,,,
,,,,,,,,,,,,,,,,0,,0,,,,,
,,,,,,,,,,,,,,,,0,,0,,,,,
,,,,,,,,,,,,,,,,0,,0,,,,,
,,,,,,,,,,,,,,,,0,,0,,,,,
,,,,,,,,,,,,,,,,0,,0,,,,,
,,,,,,,,,,,,,,,,0,,0,,,,,
,,,,,,,,,,,,,,,,0,,0,,,,,
,,,,,,,,,,,,,,,,0,,0,,,,,
,,,,,,,,,,,,,,,,0,,0,,,,,
,,,,,,,,,,,,,,,,0,,0,,,,,
,,,,,,,,,,,,,,,,0,,0,,,,,
,,,,,,,,,,,,,,,,0,,0,,,,,
,,,,,,,,,,,,,,,,0,,0,,,,,
,,,,,,,,,,,,,,,,0,,0,,,,,
,,,,,,,,,,,,,,,,0,,0,,,,,
,,,,,,,,,,,,,,,,0,,0,,,,,
,,,,,,,,,,,,,,,,0,,0,,,,,
,,,,,,,,,,,,,,,,0,,0,,,,,
,,,,,,,,,,,,,,,,0,,0,,,,,
,,,,,,,,,,,,,,,,0,,0,,,,,
,,,,,,,,,,,,,,,,0,,0,,,,,
,,,,,,,,,,,,,,,,0,,0,,,,,
,,,,,,,,,,,,,,,,0,,0,,,,,
,,,,,,,,,,,,,,,,0,,0,,,,,
,,,,,,,,,,,,,,,,0,,0,,,,,
,,,,,,,,,,,,,,,,0,,0,,,,,
,,,,,,,,,,,,,,,,0,,0,,,,,
,,,,,,,,,,,,,,,,0,,0,,,,,
,,,,,,,,,,,,,,,,0,,0,,,,,
,,,,,,,,,,,,,,,,0,,0,,,,,
,,,,,,,,,,,,,,,,0,,0,,,,,
,,,,,,,,,,,,,,,,0,,0,,,,,
,,,,,,,,,,,,,,,,0,,0,,,,,
,,,,,,,,,,,,,,,,0,,0,,,,,
,,,,,,,,,,,,,,,,0,,0,,,,,
,,,,,,,,,,,,,,,,0,,0,,,,,
,,,,,,,,,,,,,,,,0,,0,,,,,
,,,,,,,,,,,,,,,,0,,0,,,,,
,,,,,,,,,,,,,,,,0,,0,,,,,
,,,,,,,,,,,,,,,,0,,0,,,,,
,,,,,,,,,,,,,,,,0,,0,,,,,
,,,,,,,,,,,,,,,,0,,0,,,,,
,,,,,,,,,,,,,,,,0,,0,,,,,
,,,,,,,,,,,,,,,,0,,0,,,,,
,,,,,,,,,,,,,,,,0,,0,,,,,
,,,,,,,,,,,,,,,,0,,0,,,,,
,,,,,,,,,,,,,,,,0,,0,,,,,
,,,,,,,,,,,,,,,,0,,0,,,,,
,,,,,,,,,,,,,,,,0,,0,,,,,
,,,,,,,,,,,,,,,,0,,0,,,,,
,,,,,,,,,,,,,,,,0,,0,,,,,
,,,,,,,,,,,,,,,,0,,0,,,,,
,,,,,,,,,,,,,,,,0,,0,,,,,
,,,,,,,,,,,,,,,,0,,0,,,,,
,,,,,,,,,,,,,,,,0,,0,,,,,
,,,,,,,,,,,,,,,,0,,0,,,,,
,,,,,,,,,,,,,,,,0,,0,,,,,
,,,,,,,,,,,,,,,,0,,0,,,,,
,,,,,,,,,,,,,,,,0,,0,,,,,
,,,,,,,,,,,,,,,,0,,0,,,,,
,,,,,,,,,,,,,,,,0,,0,,,,,
,,,,,,,,,,,,,,,,0,,0,,,,,
,,,,,,,,,,,,,,,,0,,0,,,,,
,,,,,,,,,,,,,,,,0,,0,,,,,
,,,,,,,,,,,,,,,,0,,0,,,,,
,,,,,,,,,,,,,,,,0,,0,,,,,
,,,,,,,,,,,,,,,,0,,0,,,,,
,,,,,,,,,,,,,,,,0,,0,,,,,
,,,,,,,,,,,,,,,,0,,0,,,,,
,,,,,,,,,,,,,,,,0,,0,,,,,
,,,,,,,,,,,,,,,,0,,0,,,,,
,,,,,,,,,,,,,,,,0,,0,,,,,
,,,,,,,,,,,,,,,,0,,0,,,,,
,,,,,,,,,,,,,,,,0,,0,,,,,
,,,,,,,,,,,,,,,,0,,0,,,,,
,,,,,,,,,,,,,,,,0,,0,,,,,
,,,,,,,,,,,,,,,,0,,0,,,,,
,,,,,,,,,,,,,,,,0,,0,,,,,
,,,,,,,,,,,,,,,,0,,0,,,,,
,,,,,,,,,,,,,,,,0,,0,,,,,
,,,,,,,,,,,,,,,,0,,0,,,,,
,,,,,,,,,,,,,,,,0,,0,,,,,
,,,,,,,,,,,,,,,,0,,0,,,,,
,,,,,,,,,,,,,,,,0,,0,,,,,
,,,,,,,,,,,,,,,,0,,0,,,,,
,,,,,,,,,,,,,,,,0,,0,,,,,
,,,,,,,,,,,,,,,,0,,0,,,,,
,,,,,,,,,,,,,,,,0,,0,,,,,
,,,,,,,,,,,,,,,,0,,0,,,,,
,,,,,,,,,,,,,,,,0,,0,,,,,
,,,,,,,,,,,,,,,,0,,0,,,,,
,,,,,,,,,,,,,,,,0,,0,,,,,
,,,,,,,,,,,,,,,,0,,0,,,,,
,,,,,,,,,,,,,,,,0,,0,,,,,
,,,,,,,,,,,,,,,,0,,0,,,,,
,,,,,,,,,,,,,,,,0,,0,,,,,
,,,,,,,,,,,,,,,,0,,0,,,,,
,,,,,,,,,,,,,,,,0,,0,,,,,
,,,,,,,,,,,,,,,,0,,0,,,,,
,,,,,,,,,,,,,,,,0,,0,,,,,
,,,,,,,,,,,,,,,,0,,0,,,,,
,,,,,,,,,,,,,,,,0,,0,,,,,
,,,,,,,,,,,,,,,,0,,0,,,,,
,,,,,,,,,,,,,,,,0,,0,,,,,
,,,,,,,,,,,,,,,,0,,0,,,,,
,,,,,,,,,,,,,,,,0,,0,,,,,
,,,,,,,,,,,,,,,,0,,0,,,,,
,,,,,,,,,,,,,,,,0,,0,,,,,
,,,,,,,,,,,,,,,,0,,0,,,,,
,,,,,,,,,,,,,,,,0,,0,,,,,
,,,,,,,,,,,,,,,,0,,0,,,,,
,,,,,,,,,,,,,,,,0,,0,,,,,
,,,,,,,,,,,,,,,,0,,0,,,,,
,,,,,,,,,,,,,,,,0,,0,,,,,
,,,,,,,,,,,,,,,,0,,0,,,,,
,,,,,,,,,,,,,,,,0,,0,,,,,
,,,,,,,,,,,,,,,,0,,0,,,,,
,,,,,,,,,,,,,,,,0,,0,,,,,
,,,,,,,,,,,,,,,,0,,0,,,,,
,,,,,,,,,,,,,,,,0,,0,,,,,
,,,,,,,,,,,,,,,,0,,0,,,,,
,,,,,,,,,,,,,,,,0,,0,,,,,
,,,,,,,,,,,,,,,,0,,0,,,,,
,,,,,,,,,,,,,,,,0,,0,,,,,
,,,,,,,,,,,,,,,,0,,0,,,,,
,,,,,,,,,,,,,,,,0,,0,,,,,
,,,,,,,,,,,,,,,,0,,0,,,,,
,,,,,,,,,,,,,,,,0,,0,,,,,
,,,,,,,,,,,,,,,,0,,0,,,,,
,,,,,,,,,,,,,,,,0,,0,,,,,
,,,,,,,,,,,,,,,,0,,0,,,,,
,,,,,,,,,,,,,,,,0,,0,,,,,
,,,,,,,,,,,,,,,,0,,0,,,,,
,,,,,,,,,,,,,,,,0,,0,,,,,
,,,,,,,,,,,,,,,,0,,0,,,,,
,,,,,,,,,,,,,,,,0,,0,,,,,
,,,,,,,,,,,,,,,,0,,0,,,,,
,,,,,,,,,,,,,,,,0,,0,,,,,
,,,,,,,,,,,,,,,,0,,0,,,,,
,,,,,,,,,,,,,,,,0,,0,,,,,
,,,,,,,,,,,,,,,,0,,0,,,,,
,,,,,,,,,,,,,,,,0,,0,,,,,
,,,,,,,,,,,,,,,,0,,0,,,,,
,,,,,,,,,,,,,,,,0,,0,,,,,
,,,,,,,,,,,,,,,,0,,0,,,,,
,,,,,,,,,,,,,,,,0,,0,,,,,
,,,,,,,,,,,,,,,,0,,0,,,,,
,,,,,,,,,,,,,,,,0,,0,,,,,
,,,,,,,,,,,,,,,,0,,0,,,,,
,,,,,,,,,,,,,,,,0,,0,,,,,
,,,,,,,,,,,,,,,,0,,0,,,,,
,,,,,,,,,,,,,,,,0,,0,,,,,
,,,,,,,,,,,,,,,,0,,0,,,,,
,,,,,,,,,,,,,,,,0,,0,,,,,
,,,,,,,,,,,,,,,,0,,0,,,,,
,,,,,,,,,,,,,,,,0,,0,,,,,
,,,,,,,,,,,,,,,,0,,0,,,,,
,,,,,,,,,,,,,,,,0,,0,,,,,
,,,,,,,,,,,,,,,,0,,0,,,,,
,,,,,,,,,,,,,,,,0,,0,,,,,
,,,,,,,,,,,,,,,,0,,0,,,,,
,,,,,,,,,,,,,,,,0,,0,,,,,
,,,,,,,,,,,,,,,,0,,0,,,,,
,,,,,,,,,,,,,,,,0,,0,,,,,
,,,,,,,,,,,,,,,,0,,0,,,,,
,,,,,,,,,,,,,,,,0,,0,,,,,
,,,,,,,,,,,,,,,,0,,0,,,,,
,,,,,,,,,,,,,,,,0,,0,,,,,
,,,,,,,,,,,,,,,,0,,0,,,,,
,,,,,,,,,,,,,,,,0,,0,,,,,
,,,,,,,,,,,,,,,,0,,0,,,,,
,,,,,,,,,,,,,,,,0,,0,,,,,
,,,,,,,,,,,,,,,,0,,0,,,,,
,,,,,,,,,,,,,,,,0,,0,,,,,
,,,,,,,,,,,,,,,,0,,0,,,,,
,,,,,,,,,,,,,,,,0,,0,,,,,
,,,,,,,,,,,,,,,,0,,0,,,,,
,,,,,,,,,,,,,,,,0,,0,,,,,
,,,,,,,,,,,,,,,,0,,0,,,,,
,,,,,,,,,,,,,,,,0,,0,,,,,
,,,,,,,,,,,,,,,,0,,0,,,,,
,,,,,,,,,,,,,,,,0,,0,,,,,
,,,,,,,,,,,,,,,,0,,0,,,,,
,,,,,,,,,,,,,,,,0,,0,,,,,
,,,,,,,,,,,,,,,,0,,0,,,,,
,,,,,,,,,,,,,,,,0,,0,,,,,
,,,,,,,,,,,,,,,,0,,0,,,,,
,,,,,,,,,,,,,,,,0,,0,,,,,
,,,,,,,,,,,,,,,,0,,0,,,,,
,,,,,,,,,,,,,,,,0,,0,,,,,
,,,,,,,,,,,,,,,,0,,0,,,,,
,,,,,,,,,,,,,,,,0,,0,,,,,
,,,,,,,,,,,,,,,,0,,0,,,,,
,,,,,,,,,,,,,,,,0,,0,,,,,
,,,,,,,,,,,,,,,,0,,0,,,,,
,,,,,,,,,,,,,,,,0,,0,,,,,
,,,,,,,,,,,,,,,,0,,0,,,,,
,,,,,,,,,,,,,,,,0,,0,,,,,
,,,,,,,,,,,,,,,,0,,0,,,,,
,,,,,,,,,,,,,,,,0,,0,,,,,
,,,,,,,,,,,,,,,,0,,0,,,,,
,,,,,,,,,,,,,,,,0,,0,,,,,
,,,,,,,,,,,,,,,,0,,0,,,,,
,,,,,,,,,,,,,,,,0,,0,,,,,
,,,,,,,,,,,,,,,,0,,0,,,,,
,,,,,,,,,,,,,,,,0,,0,,,,,
,,,,,,,,,,,,,,,,0,,0,,,,,
,,,,,,,,,,,,,,,,0,,0,,,,,
,,,,,,,,,,,,,,,,0,,0,,,,,
,,,,,,,,,,,,,,,,0,,0,,,,,
,,,,,,,,,,,,,,,,0,,0,,,,,
,,,,,,,,,,,,,,,,0,,0,,,,,
,,,,,,,,,,,,,,,,0,,0,,,,,
,,,,,,,,,,,,,,,,0,,0,,,,,
,,,,,,,,,,,,,,,,0,,0,,,,,
,,,,,,,,,,,,,,,,0,,0,,,,,
,,,,,,,,,,,,,,,,0,,0,,,,,
,,,,,,,,,,,,,,,,0,,0,,,,,
,,,,,,,,,,,,,,,,0,,0,,,,,
,,,,,,,,,,,,,,,,0,,0,,,,,
,,,,,,,,,,,,,,,,0,,0,,,,,
,,,,,,,,,,,,,,,,0,,0,,,,,
,,,,,,,,,,,,,,,,0,,0,,,,,
,,,,,,,,,,,,,,,,0,,0,,,,,
,,,,,,,,,,,,,,,,0,,0,,,,,
,,,,,,,,,,,,,,,,0,,0,,,,,
,,,,,,,,,,,,,,,,0,,0,,,,,
,,,,,,,,,,,,,,,,0,,0,,,,,
,,,,,,,,,,,,,,,,0,,0,,,,,
,,,,,,,,,,,,,,,,0,,0,,,,,
,,,,,,,,,,,,,,,,0,,0,,,,,
,,,,,,,,,,,,,,,,0,,0,,,,,
,,,,,,,,,,,,,,,,0,,0,,,,,
,,,,,,,,,,,,,,,,0,,0,,,,,
,,,,,,,,,,,,,,,,0,,0,,,,,
,,,,,,,,,,,,,,,,0,,0,,,,,
,,,,,,,,,,,,,,,,0,,0,,,,,
,,,,,,,,,,,,,,,,0,,0,,,,,
,,,,,,,,,,,,,,,,0,,0,,,,,
,,,,,,,,,,,,,,,,0,,0,,,,,
,,,,,,,,,,,,,,,,0,,0,,,,,
,,,,,,,,,,,,,,,,0,,0,,,,,
,,,,,,,,,,,,,,,,0,,0,,,,,
,,,,,,,,,,,,,,,,0,,0,,,,,
,,,,,,,,,,,,,,,,0,,0,,,,,
,,,,,,,,,,,,,,,,0,,0,,,,,
,,,,,,,,,,,,,,,,0,,0,,,,,
,,,,,,,,,,,,,,,,0,,0,,,,,
,,,,,,,,,,,,,,,,0,,0,,,,,
,,,,,,,,,,,,,,,,0,,0,,,,,
,,,,,,,,,,,,,,,,0,,0,,,,,
,,,,,,,,,,,,,,,,0,,0,,,,,
,,,,,,,,,,,,,,,,0,,0,,,,,
,,,,,,,,,,,,,,,,0,,0,,,,,
,,,,,,,,,,,,,,,,0,,0,,,,,
,,,,,,,,,,,,,,,,0,,0,,,,,
,,,,,,,,,,,,,,,,0,,0,,,,,
,,,,,,,,,,,,,,,,0,,0,,,,,
,,,,,,,,,,,,,,,,0,,0,,,,,
,,,,,,,,,,,,,,,,0,,0,,,,,
,,,,,,,,,,,,,,,,0,,0,,,,,
,,,,,,,,,,,,,,,,0,,0,,,,,
,,,,,,,,,,,,,,,,0,,0,,,,,
,,,,,,,,,,,,,,,,0,,0,,,,,
,,,,,,,,,,,,,,,,0,,0,,,,,
,,,,,,,,,,,,,,,,0,,0,,,,,
,,,,,,,,,,,,,,,,0,,0,,,,,
,,,,,,,,,,,,,,,,0,,0,,,,,
,,,,,,,,,,,,,,,,0,,0,,,,,
,,,,,,,,,,,,,,,,0,,0,,,,,
,,,,,,,,,,,,,,,,0,,0,,,,,
,,,,,,,,,,,,,,,,0,,0,,,,,
,,,,,,,,,,,,,,,,0,,0,,,,,
,,,,,,,,,,,,,,,,0,,0,,,,,
,,,,,,,,,,,,,,,,0,,0,,,,,
,,,,,,,,,,,,,,,,0,,0,,,,,
,,,,,,,,,,,,,,,,0,,0,,,,,
,,,,,,,,,,,,,,,,0,,0,,,,,
,,,,,,,,,,,,,,,,0,,0,,,,,
,,,,,,,,,,,,,,,,0,,0,,,,,
,,,,,,,,,,,,,,,,0,,0,,,,,
,,,,,,,,,,,,,,,,0,,0,,,,,
,,,,,,,,,,,,,,,,0,,0,,,,,
,,,,,,,,,,,,,,,,0,,0,,,,,
,,,,,,,,,,,,,,,,0,,0,,,,,
,,,,,,,,,,,,,,,,0,,0,,,,,
,,,,,,,,,,,,,,,,0,,0,,,,,
,,,,,,,,,,,,,,,,0,,0,,,,,
,,,,,,,,,,,,,,,,0,,0,,,,,
,,,,,,,,,,,,,,,,0,,0,,,,,
,,,,,,,,,,,,,,,,0,,0,,,,,
,,,,,,,,,,,,,,,,0,,0,,,,,
,,,,,,,,,,,,,,,,0,,0,,,,,
,,,,,,,,,,,,,,,,0,,0,,,,,
,,,,,,,,,,,,,,,,0,,0,,,,,
,,,,,,,,,,,,,,,,0,,0,,,,,
,,,,,,,,,,,,,,,,0,,0,,,,,
,,,,,,,,,,,,,,,,0,,0,,,,,
,,,,,,,,,,,,,,,,0,,0,,,,,
,,,,,,,,,,,,,,,,0,,0,,,,,
,,,,,,,,,,,,,,,,0,,0,,,,,
,,,,,,,,,,,,,,,,0,,0,,,,,
,,,,,,,,,,,,,,,,0,,0,,,,,
,,,,,,,,,,,,,,,,0,,0,,,,,
,,,,,,,,,,,,,,,,0,,0,,,,,
,,,,,,,,,,,,,,,,0,,0,,,,,
,,,,,,,,,,,,,,,,0,,0,,,,,
,,,,,,,,,,,,,,,,0,,0,,,,,
,,,,,,,,,,,,,,,,0,,0,,,,,
,,,,,,,,,,,,,,,,0,,0,,,,,
,,,,,,,,,,,,,,,,0,,0,,,,,
,,,,,,,,,,,,,,,,0,,0,,,,,
,,,,,,,,,,,,,,,,0,,0,,,,,
,,,,,,,,,,,,,,,,0,,0,,,,,
,,,,,,,,,,,,,,,,0,,0,,,,,
,,,,,,,,,,,,,,,,0,,0,,,,,
,,,,,,,,,,,,,,,,0,,0,,,,,
,,,,,,,,,,,,,,,,0,,0,,,,,
,,,,,,,,,,,,,,,,0,,0,,,,,
,,,,,,,,,,,,,,,,0,,0,,,,,
,,,,,,,,,,,,,,,,0,,0,,,,,
,,,,,,,,,,,,,,,,0,,0,,,,,
,,,,,,,,,,,,,,,,0,,0,,,,,
,,,,,,,,,,,,,,,,0,,0,,,,,
,,,,,,,,,,,,,,,,0,,0,,,,,
,,,,,,,,,,,,,,,,0,,0,,,,,
,,,,,,,,,,,,,,,,0,,0,,,,,
,,,,,,,,,,,,,,,,0,,0,,,,,
,,,,,,,,,,,,,,,,0,,0,,,,,
,,,,,,,,,,,,,,,,0,,0,,,,,
,,,,,,,,,,,,,,,,0,,0,,,,,
,,,,,,,,,,,,,,,,0,,0,,,,,
,,,,,,,,,,,,,,,,0,,0,,,,,
,,,,,,,,,,,,,,,,0,,0,,,,,
,,,,,,,,,,,,,,,,0,,0,,,,,
,,,,,,,,,,,,,,,,0,,0,,,,,
,,,,,,,,,,,,,,,,0,,0,,,,,
,,,,,,,,,,,,,,,,0,,0,,,,,
,,,,,,,,,,,,,,,,0,,0,,,,,
,,,,,,,,,,,,,,,,0,,0,,,,,
,,,,,,,,,,,,,,,,0,,0,,,,,
,,,,,,,,,,,,,,,,0,,0,,,,,
,,,,,,,,,,,,,,,,0,,0,,,,,
,,,,,,,,,,,,,,,,0,,0,,,,,
,,,,,,,,,,,,,,,,0,,0,,,,,
,,,,,,,,,,,,,,,,0,,0,,,,,
,,,,,,,,,,,,,,,,0,,0,,,,,
,,,,,,,,,,,,,,,,0,,0,,,,,
,,,,,,,,,,,,,,,,0,,0,,,,,
,,,,,,,,,,,,,,,,0,,0,,,,,
,,,,,,,,,,,,,,,,0,,0,,,,,
,,,,,,,,,,,,,,,,0,,0,,,,,
,,,,,,,,,,,,,,,,0,,0,,,,,
,,,,,,,,,,,,,,,,0,,0,,,,,
,,,,,,,,,,,,,,,,0,,0,,,,,
,,,,,,,,,,,,,,,,0,,0,,,,,
,,,,,,,,,,,,,,,,0,,0,,,,,
,,,,,,,,,,,,,,,,0,,0,,,,,
,,,,,,,,,,,,,,,,0,,0,,,,,
,,,,,,,,,,,,,,,,0,,0,,,,,
,,,,,,,,,,,,,,,,0,,0,,,,,
,,,,,,,,,,,,,,,,0,,0,,,,,
,,,,,,,,,,,,,,,,0,,0,,,,,
,,,,,,,,,,,,,,,,0,,0,,,,,
,,,,,,,,,,,,,,,,0,,0,,,,,
,,,,,,,,,,,,,,,,0,,0,,,,,
,,,,,,,,,,,,,,,,0,,0,,,,,
,,,,,,,,,,,,,,,,0,,0,,,,,
,,,,,,,,,,,,,,,,0,,0,,,,,
,,,,,,,,,,,,,,,,0,,0,,,,,
,,,,,,,,,,,,,,,,0,,0,,,,,
,,,,,,,,,,,,,,,,0,,0,,,,,
,,,,,,,,,,,,,,,,0,,0,,,,,
,,,,,,,,,,,,,,,,0,,0,,,,,
,,,,,,,,,,,,,,,,0,,0,,,,,
,,,,,,,,,,,,,,,,0,,0,,,,,
,,,,,,,,,,,,,,,,0,,0,,,,,
,,,,,,,,,,,,,,,,0,,0,,,,,
,,,,,,,,,,,,,,,,0,,0,,,,,
,,,,,,,,,,,,,,,,0,,0,,,,,
,,,,,,,,,,,,,,,,0,,0,,,,,
,,,,,,,,,,,,,,,,0,,0,,,,,
,,,,,,,,,,,,,,,,0,,0,,,,,
,,,,,,,,,,,,,,,,0,,0,,,,,
,,,,,,,,,,,,,,,,0,,0,,,,,
,,,,,,,,,,,,,,,,0,,0,,,,,
,,,,,,,,,,,,,,,,0,,0,,,,,
,,,,,,,,,,,,,,,,0,,0,,,,,
,,,,,,,,,,,,,,,,0,,0,,,,,
,,,,,,,,,,,,,,,,0,,0,,,,,
,,,,,,,,,,,,,,,,0,,0,,,,,
,,,,,,,,,,,,,,,,0,,0,,,,,
,,,,,,,,,,,,,,,,0,,0,,,,,
,,,,,,,,,,,,,,,,0,,0,,,,,
,,,,,,,,,,,,,,,,0,,0,,,,,
,,,,,,,,,,,,,,,,0,,0,,,,,
,,,,,,,,,,,,,,,,0,,0,,,,,
,,,,,,,,,,,,,,,,0,,0,,,,,
,,,,,,,,,,,,,,,,0,,0,,,,,
,,,,,,,,,,,,,,,,0,,0,,,,,
,,,,,,,,,,,,,,,,0,,0,,,,,
,,,,,,,,,,,,,,,,0,,0,,,,,
,,,,,,,,,,,,,,,,0,,0,,,,,
,,,,,,,,,,,,,,,,0,,0,,,,,
,,,,,,,,,,,,,,,,0,,0,,,,,
,,,,,,,,,,,,,,,,0,,0,,,,,
,,,,,,,,,,,,,,,,0,,0,,,,,
,,,,,,,,,,,,,,,,0,,0,,,,,
,,,,,,,,,,,,,,,,0,,0,,,,,
,,,,,,,,,,,,,,,,0,,0,,,,,
,,,,,,,,,,,,,,,,0,,0,,,,,
,,,,,,,,,,,,,,,,0,,0,,,,,
,,,,,,,,,,,,,,,,0,,0,,,,,
,,,,,,,,,,,,,,,,0,,0,,,,,
,,,,,,,,,,,,,,,,0,,0,,,,,
,,,,,,,,,,,,,,,,0,,0,,,,,
,,,,,,,,,,,,,,,,0,,0,,,,,
,,,,,,,,,,,,,,,,0,,0,,,,,
,,,,,,,,,,,,,,,,0,,0,,,,,
,,,,,,,,,,,,,,,,0,,0,,,,,
,,,,,,,,,,,,,,,,0,,0,,,,,
,,,,,,,,,,,,,,,,0,,0,,,,,
,,,,,,,,,,,,,,,,0,,0,,,,,
,,,,,,,,,,,,,,,,0,,0,,,,,
,,,,,,,,,,,,,,,,0,,0,,,,,
,,,,,,,,,,,,,,,,0,,0,,,,,
,,,,,,,,,,,,,,,,0,,0,,,,,
,,,,,,,,,,,,,,,,0,,0,,,,,
,,,,,,,,,,,,,,,,0,,0,,,,,
,,,,,,,,,,,,,,,,0,,0,,,,,
,,,,,,,,,,,,,,,,0,,0,,,,,
,,,,,,,,,,,,,,,,0,,0,,,,,
,,,,,,,,,,,,,,,,0,,0,,,,,
,,,,,,,,,,,,,,,,0,,0,,,,,
,,,,,,,,,,,,,,,,0,,0,,,,,
,,,,,,,,,,,,,,,,0,,0,,,,,
,,,,,,,,,,,,,,,,0,,0,,,,,
,,,,,,,,,,,,,,,,0,,0,,,,,
,,,,,,,,,,,,,,,,0,,0,,,,,
,,,,,,,,,,,,,,,,0,,0,,,,,
,,,,,,,,,,,,,,,,0,,0,,,,,
,,,,,,,,,,,,,,,,0,,0,,,,,
,,,,,,,,,,,,,,,,0,,0,,,,,
,,,,,,,,,,,,,,,,0,,0,,,,,
,,,,,,,,,,,,,,,,0,,0,,,,,
,,,,,,,,,,,,,,,,0,,0,,,,,
,,,,,,,,,,,,,,,,0,,0,,,,,
,,,,,,,,,,,,,,,,0,,0,,,,,
,,,,,,,,,,,,,,,,0,,0,,,,,
,,,,,,,,,,,,,,,,0,,0,,,,,
,,,,,,,,,,,,,,,,0,,0,,,,,
,,,,,,,,,,,,,,,,0,,0,,,,,
,,,,,,,,,,,,,,,,0,,0,,,,,
,,,,,,,,,,,,,,,,0,,0,,,,,
,,,,,,,,,,,,,,,,0,,0,,,,,
,,,,,,,,,,,,,,,,0,,0,,,,,
,,,,,,,,,,,,,,,,0,,0,,,,,
,,,,,,,,,,,,,,,,0,,0,,,,,
,,,,,,,,,,,,,,,,0,,0,,,,,
,,,,,,,,,,,,,,,,0,,0,,,,,
,,,,,,,,,,,,,,,,0,,0,,,,,
,,,,,,,,,,,,,,,,0,,0,,,,,
,,,,,,,,,,,,,,,,0,,0,,,,,
,,,,,,,,,,,,,,,,0,,0,,,,,
,,,,,,,,,,,,,,,,0,,0,,,,,
,,,,,,,,,,,,,,,,0,,0,,,,,
,,,,,,,,,,,,,,,,0,,0,,,,,
,,,,,,,,,,,,,,,,0,,0,,,,,
,,,,,,,,,,,,,,,,0,,0,,,,,
,,,,,,,,,,,,,,,,0,,0,,,,,
,,,,,,,,,,,,,,,,0,,0,,,,,
,,,,,,,,,,,,,,,,0,,0,,,,,
,,,,,,,,,,,,,,,,0,,0,,,,,
,,,,,,,,,,,,,,,,0,,0,,,,,
,,,,,,,,,,,,,,,,0,,0,,,,,
,,,,,,,,,,,,,,,,0,,0,,,,,
,,,,,,,,,,,,,,,,0,,0,,,,,
,,,,,,,,,,,,,,,,0,,0,,,,,
,,,,,,,,,,,,,,,,0,,0,,,,,
,,,,,,,,,,,,,,,,0,,0,,,,,
,,,,,,,,,,,,,,,,0,,0,,,,,
,,,,,,,,,,,,,,,,0,,0,,,,,
,,,,,,,,,,,,,,,,0,,0,,,,,
,,,,,,,,,,,,,,,,0,,0,,,,,
,,,,,,,,,,,,,,,,0,,0,,,,,
,,,,,,,,,,,,,,,,0,,0,,,,,
,,,,,,,,,,,,,,,,0,,0,,,,,
,,,,,,,,,,,,,,,,0,,0,,,,,
,,,,,,,,,,,,,,,,0,,0,,,,,
,,,,,,,,,,,,,,,,0,,0,,,,,
,,,,,,,,,,,,,,,,0,,0,,,,,
,,,,,,,,,,,,,,,,0,,0,,,,,
,,,,,,,,,,,,,,,,0,,0,,,,,
,,,,,,,,,,,,,,,,0,,0,,,,,
,,,,,,,,,,,,,,,,0,,0,,,,,
,,,,,,,,,,,,,,,,0,,0,,,,,
,,,,,,,,,,,,,,,,0,,0,,,,,
,,,,,,,,,,,,,,,,0,,0,,,,,
,,,,,,,,,,,,,,,,0,,0,,,,,
,,,,,,,,,,,,,,,,0,,0,,,,,
,,,,,,,,,,,,,,,,0,,0,,,,,
,,,,,,,,,,,,,,,,0,,0,,,,,
,,,,,,,,,,,,,,,,0,,0,,,,,
,,,,,,,,,,,,,,,,0,,0,,,,,
,,,,,,,,,,,,,,,,0,,0,,,,,
,,,,,,,,,,,,,,,,0,,0,,,,,
,,,,,,,,,,,,,,,,0,,0,,,,,
,,,,,,,,,,,,,,,,0,,0,,,,,
,,,,,,,,,,,,,,,,0,,0,,,,,
,,,,,,,,,,,,,,,,0,,0,,,,,
,,,,,,,,,,,,,,,,0,,0,,,,,
,,,,,,,,,,,,,,,,0,,0,,,,,
,,,,,,,,,,,,,,,,0,,0,,,,,
,,,,,,,,,,,,,,,,0,,0,,,,,
,,,,,,,,,,,,,,,,0,,0,,,,,
,,,,,,,,,,,,,,,,0,,0,,,,,
,,,,,,,,,,,,,,,,0,,0,,,,,
,,,,,,,,,,,,,,,,0,,0,,,,,
,,,,,,,,,,,,,,,,0,,0,,,,,
,,,,,,,,,,,,,,,,0,,0,,,,,
,,,,,,,,,,,,,,,,0,,0,,,,,
,,,,,,,,,,,,,,,,0,,0,,,,,
,,,,,,,,,,,,,,,,0,,0,,,,,
,,,,,,,,,,,,,,,,0,,0,,,,,
,,,,,,,,,,,,,,,,0,,0,,,,,
,,,,,,,,,,,,,,,,0,,0,,,,,
,,,,,,,,,,,,,,,,0,,0,,,,,
,,,,,,,,,,,,,,,,0,,0,,,,,
,,,,,,,,,,,,,,,,0,,0,,,,,
,,,,,,,,,,,,,,,,0,,0,,,,,
,,,,,,,,,,,,,,,,0,,0,,,,,
,,,,,,,,,,,,,,,,0,,0,,,,,
,,,,,,,,,,,,,,,,0,,0,,,,,
,,,,,,,,,,,,,,,,0,,0,,,,,
,,,,,,,,,,,,,,,,0,,0,,,,,
,,,,,,,,,,,,,,,,0,,0,,,,,
,,,,,,,,,,,,,,,,0,,0,,,,,
,,,,,,,,,,,,,,,,0,,0,,,,,
,,,,,,,,,,,,,,,,0,,0,,,,,
,,,,,,,,,,,,,,,,0,,0,,,,,
,,,,,,,,,,,,,,,,0,,0,,,,,
,,,,,,,,,,,,,,,,0,,0,,,,,
,,,,,,,,,,,,,,,,0,,0,,,,,
,,,,,,,,,,,,,,,,0,,0,,,,,
,,,,,,,,,,,,,,,,0,,0,,,,,
,,,,,,,,,,,,,,,,0,,0,,,,,
,,,,,,,,,,,,,,,,0,,0,,,,,
,,,,,,,,,,,,,,,,0,,0,,,,,
,,,,,,,,,,,,,,,,0,,0,,,,,
,,,,,,,,,,,,,,,,0,,0,,,,,
,,,,,,,,,,,,,,,,0,,0,,,,,
,,,,,,,,,,,,,,,,0,,0,,,,,
,,,,,,,,,,,,,,,,0,,0,,,,,
,,,,,,,,,,,,,,,,0,,0,,,,,
,,,,,,,,,,,,,,,,0,,0,,,,,
,,,,,,,,,,,,,,,,0,,0,,,,,
,,,,,,,,,,,,,,,,0,,0,,,,,
,,,,,,,,,,,,,,,,0,,0,,,,,
,,,,,,,,,,,,,,,,0,,0,,,,,
,,,,,,,,,,,,,,,,0,,0,,,,,
,,,,,,,,,,,,,,,,0,,0,,,,,
,,,,,,,,,,,,,,,,0,,0,,,,,
,,,,,,,,,,,,,,,,0,,0,,,,,
,,,,,,,,,,,,,,,,0,,0,,,,,
,,,,,,,,,,,,,,,,0,,0,,,,,
,,,,,,,,,,,,,,,,0,,0,,,,,
,,,,,,,,,,,,,,,,0,,0,,,,,
,,,,,,,,,,,,,,,,0,,0,,,,,
,,,,,,,,,,,,,,,,0,,0,,,,,
,,,,,,,,,,,,,,,,0,,0,,,,,
,,,,,,,,,,,,,,,,0,,0,,,,,
,,,,,,,,,,,,,,,,0,,0,,,,,
,,,,,,,,,,,,,,,,0,,0,,,,,
,,,,,,,,,,,,,,,,0,,0,,,,,
,,,,,,,,,,,,,,,,0,,0,,,,,
,,,,,,,,,,,,,,,,0,,0,,,,,
,,,,,,,,,,,,,,,,0,,0,,,,,
,,,,,,,,,,,,,,,,0,,0,,,,,
,,,,,,,,,,,,,,,,0,,0,,,,,
,,,,,,,,,,,,,,,,0,,0,,,,,
,,,,,,,,,,,,,,,,0,,0,,,,,
,,,,,,,,,,,,,,,,0,,0,,,,,
,,,,,,,,,,,,,,,,0,,0,,,,,
,,,,,,,,,,,,,,,,0,,0,,,,,
,,,,,,,,,,,,,,,,0,,0,,,,,
,,,,,,,,,,,,,,,,0,,0,,,,,
,,,,,,,,,,,,,,,,0,,0,,,,,
,,,,,,,,,,,,,,,,0,,0,,,,,
,,,,,,,,,,,,,,,,0,,0,,,,,
,,,,,,,,,,,,,,,,0,,0,,,,,
,,,,,,,,,,,,,,,,0,,0,,,,,
,,,,,,,,,,,,,,,,0,,0,,,,,
,,,,,,,,,,,,,,,,0,,0,,,,,
,,,,,,,,,,,,,,,,0,,0,,,,,
,,,,,,,,,,,,,,,,0,,0,,,,,
,,,,,,,,,,,,,,,,0,,0,,,,,
,,,,,,,,,,,,,,,,0,,0,,,,,
,,,,,,,,,,,,,,,,0,,0,,,,,
,,,,,,,,,,,,,,,,0,,0,,,,,
,,,,,,,,,,,,,,,,0,,0,,,,,
,,,,,,,,,,,,,,,,0,,0,,,,,
,,,,,,,,,,,,,,,,0,,0,,,,,
,,,,,,,,,,,,,,,,0,,0,,,,,
,,,,,,,,,,,,,,,,0,,0,,,,,
,,,,,,,,,,,,,,,,0,,0,,,,,
,,,,,,,,,,,,,,,,0,,0,,,,,
,,,,,,,,,,,,,,,,0,,0,,,,,
,,,,,,,,,,,,,,,,0,,0,,,,,
,,,,,,,,,,,,,,,,0,,0,,,,,
,,,,,,,,,,,,,,,,0,,0,,,,,
,,,,,,,,,,,,,,,,0,,0,,,,,
,,,,,,,,,,,,,,,,0,,0,,,,,
,,,,,,,,,,,,,,,,0,,0,,,,,
,,,,,,,,,,,,,,,,0,,0,,,,,
,,,,,,,,,,,,,,,,0,,0,,,,,
,,,,,,,,,,,,,,,,0,,0,,,,,
,,,,,,,,,,,,,,,,0,,0,,,,,
,,,,,,,,,,,,,,,,0,,0,,,,,
,,,,,,,,,,,,,,,,0,,0,,,,,
,,,,,,,,,,,,,,,,0,,0,,,,,
,,,,,,,,,,,,,,,,0,,0,,,,,
,,,,,,,,,,,,,,,,0,,0,,,,,
,,,,,,,,,,,,,,,,0,,0,,,,,
,,,,,,,,,,,,,,,,0,,0,,,,,
,,,,,,,,,,,,,,,,0,,0,,,,,
,,,,,,,,,,,,,,,,0,,0,,,,,
,,,,,,,,,,,,,,,,0,,0,,,,,
,,,,,,,,,,,,,,,,0,,0,,,,,
,,,,,,,,,,,,,,,,0,,0,,,,,
,,,,,,,,,,,,,,,,0,,0,,,,,
,,,,,,,,,,,,,,,,0,,0,,,,,
,,,,,,,,,,,,,,,,0,,0,,,,,
,,,,,,,,,,,,,,,,0,,0,,,,,
,,,,,,,,,,,,,,,,0,,0,,,,,
,,,,,,,,,,,,,,,,0,,0,,,,,
,,,,,,,,,,,,,,,,0,,0,,,,,
,,,,,,,,,,,,,,,,0,,0,,,,,
,,,,,,,,,,,,,,,,0,,0,,,,,
,,,,,,,,,,,,,,,,0,,0,,,,,
,,,,,,,,,,,,,,,,0,,0,,,,,
,,,,,,,,,,,,,,,,0,,0,,,,,
,,,,,,,,,,,,,,,,0,,0,,,,,
,,,,,,,,,,,,,,,,0,,0,,,,,
,,,,,,,,,,,,,,,,0,,0,,,,,
,,,,,,,,,,,,,,,,0,,0,,,,,
,,,,,,,,,,,,,,,,0,,0,,,,,
,,,,,,,,,,,,,,,,0,,0,,,,,
,,,,,,,,,,,,,,,,0,,0,,,,,
,,,,,,,,,,,,,,,,0,,0,,,,,
,,,,,,,,,,,,,,,,0,,0,,,,,
,,,,,,,,,,,,,,,,0,,0,,,,,
,,,,,,,,,,,,,,,,0,,0,,,,,
,,,,,,,,,,,,,,,,0,,0,,,,,
,,,,,,,,,,,,,,,,0,,0,,,,,
,,,,,,,,,,,,,,,,0,,0,,,,,
,,,,,,,,,,,,,,,,0,,0,,,,,
,,,,,,,,,,,,,,,,0,,0,,,,,
,,,,,,,,,,,,,,,,0,,0,,,,,
,,,,,,,,,,,,,,,,0,,0,,,,,
,,,,,,,,,,,,,,,,0,,0,,,,,
,,,,,,,,,,,,,,,,0,,0,,,,,
,,,,,,,,,,,,,,,,0,,0,,,,,
,,,,,,,,,,,,,,,,0,,0,,,,,
,,,,,,,,,,,,,,,,0,,0,,,,,
,,,,,,,,,,,,,,,,0,,0,,,,,
,,,,,,,,,,,,,,,,0,,0,,,,,
,,,,,,,,,,,,,,,,0,,0,,,,,
,,,,,,,,,,,,,,,,0,,0,,,,,
,,,,,,,,,,,,,,,,0,,0,,,,,
,,,,,,,,,,,,,,,,0,,0,,,,,
,,,,,,,,,,,,,,,,0,,0,,,,,
,,,,,,,,,,,,,,,,0,,0,,,,,
,,,,,,,,,,,,,,,,0,,0,,,,,
,,,,,,,,,,,,,,,,0,,0,,,,,
,,,,,,,,,,,,,,,,0,,0,,,,,
,,,,,,,,,,,,,,,,0,,0,,,,,
,,,,,,,,,,,,,,,,0,,0,,,,,
,,,,,,,,,,,,,,,,0,,0,,,,,
,,,,,,,,,,,,,,,,0,,0,,,,,
,,,,,,,,,,,,,,,,0,,0,,,,,
,,,,,,,,,,,,,,,,0,,0,,,,,
,,,,,,,,,,,,,,,,0,,0,,,,,
,,,,,,,,,,,,,,,,0,,0,,,,,
,,,,,,,,,,,,,,,,0,,0,,,,,
,,,,,,,,,,,,,,,,0,,0,,,,,
,,,,,,,,,,,,,,,,0,,0,,,,,
,,,,,,,,,,,,,,,,0,,0,,,,,
,,,,,,,,,,,,,,,,0,,0,,,,,
,,,,,,,,,,,,,,,,0,,0,,,,,
,,,,,,,,,,,,,,,,0,,0,,,,,
,,,,,,,,,,,,,,,,0,,0,,,,,
,,,,,,,,,,,,,,,,0,,0,,,,,
,,,,,,,,,,,,,,,,0,,0,,,,,
,,,,,,,,,,,,,,,,0,,0,,,,,
,,,,,,,,,,,,,,,,0,,0,,,,,
,,,,,,,,,,,,,,,,0,,0,,,,,
,,,,,,,,,,,,,,,,0,,0,,,,,
,,,,,,,,,,,,,,,,0,,0,,,,,
,,,,,,,,,,,,,,,,0,,0,,,,,
,,,,,,,,,,,,,,,,0,,0,,,,,
,,,,,,,,,,,,,,,,0,,0,,,,,
,,,,,,,,,,,,,,,,0,,0,,,,,
,,,,,,,,,,,,,,,,0,,0,,,,,
,,,,,,,,,,,,,,,,0,,0,,,,,
,,,,,,,,,,,,,,,,0,,0,,,,,
,,,,,,,,,,,,,,,,0,,0,,,,,
,,,,,,,,,,,,,,,,0,,0,,,,,
,,,,,,,,,,,,,,,,0,,0,,,,,
,,,,,,,,,,,,,,,,0,,0,,,,,
,,,,,,,,,,,,,,,,0,,0,,,,,
,,,,,,,,,,,,,,,,0,,0,,,,,
,,,,,,,,,,,,,,,,0,,0,,,,,
,,,,,,,,,,,,,,,,0,,0,,,,,
,,,,,,,,,,,,,,,,0,,0,,,,,
,,,,,,,,,,,,,,,,0,,0,,,,,
,,,,,,,,,,,,,,,,0,,0,,,,,
,,,,,,,,,,,,,,,,0,,0,,,,,
,,,,,,,,,,,,,,,,0,,0,,,,,
,,,,,,,,,,,,,,,,0,,0,,,,,
,,,,,,,,,,,,,,,,0,,0,,,,,
,,,,,,,,,,,,,,,,0,,0,,,,,
,,,,,,,,,,,,,,,,0,,0,,,,,
,,,,,,,,,,,,,,,,0,,0,,,,,
,,,,,,,,,,,,,,,,0,,0,,,,,
,,,,,,,,,,,,,,,,0,,0,,,,,
,,,,,,,,,,,,,,,,0,,0,,,,,
,,,,,,,,,,,,,,,,0,,0,,,,,
,,,,,,,,,,,,,,,,0,,0,,,,,
,,,,,,,,,,,,,,,,0,,0,,,,,
,,,,,,,,,,,,,,,,0,,0,,,,,
,,,,,,,,,,,,,,,,0,,0,,,,,
,,,,,,,,,,,,,,,,0,,0,,,,,
,,,,,,,,,,,,,,,,0,,0,,,,,
,,,,,,,,,,,,,,,,0,,0,,,,,
,,,,,,,,,,,,,,,,0,,0,,,,,
,,,,,,,,,,,,,,,,0,,0,,,,,
,,,,,,,,,,,,,,,,0,,0,,,,,
,,,,,,,,,,,,,,,,0,,0,,,,,
,,,,,,,,,,,,,,,,0,,0,,,,,
,,,,,,,,,,,,,,,,0,,0,,,,,
,,,,,,,,,,,,,,,,0,,0,,,,,
,,,,,,,,,,,,,,,,0,,0,,,,,
,,,,,,,,,,,,,,,,0,,0,,,,,
,,,,,,,,,,,,,,,,0,,0,,,,,
,,,,,,,,,,,,,,,,0,,0,,,,,
,,,,,,,,,,,,,,,,0,,0,,,,,
,,,,,,,,,,,,,,,,0,,0,,,,,
,,,,,,,,,,,,,,,,0,,0,,,,,
,,,,,,,,,,,,,,,,0,,0,,,,,
,,,,,,,,,,,,,,,,0,,0,,,,,
,,,,,,,,,,,,,,,,0,,0,,,,,
,,,,,,,,,,,,,,,,0,,0,,,,,
,,,,,,,,,,,,,,,,0,,0,,,,,
,,,,,,,,,,,,,,,,0,,0,,,,,
,,,,,,,,,,,,,,,,0,,0,,,,,
,,,,,,,,,,,,,,,,0,,0,,,,,
,,,,,,,,,,,,,,,,0,,0,,,,,
,,,,,,,,,,,,,,,,0,,0,,,,,
,,,,,,,,,,,,,,,,0,,0,,,,,
,,,,,,,,,,,,,,,,0,,0,,,,,
,,,,,,,,,,,,,,,,0,,0,,,,,
,,,,,,,,,,,,,,,,0,,0,,,,,
,,,,,,,,,,,,,,,,0,,0,,,,,
,,,,,,,,,,,,,,,,0,,0,,,,,
,,,,,,,,,,,,,,,,0,,0,,,,,
,,,,,,,,,,,,,,,,0,,0,,,,,
,,,,,,,,,,,,,,,,0,,0,,,,,
,,,,,,,,,,,,,,,,0,,0,,,,,
,,,,,,,,,,,,,,,,0,,0,,,,,
,,,,,,,,,,,,,,,,0,,0,,,,,
,,,,,,,,,,,,,,,,0,,0,,,,,
,,,,,,,,,,,,,,,,0,,0,,,,,
,,,,,,,,,,,,,,,,0,,0,,,,,
,,,,,,,,,,,,,,,,0,,0,,,,,
,,,,,,,,,,,,,,,,0,,0,,,,,
,,,,,,,,,,,,,,,,0,,0,,,,,
,,,,,,,,,,,,,,,,0,,0,,,,,
,,,,,,,,,,,,,,,,0,,0,,,,,
,,,,,,,,,,,,,,,,0,,0,,,,,
,,,,,,,,,,,,,,,,0,,0,,,,,
,,,,,,,,,,,,,,,,0,,0,,,,,
,,,,,,,,,,,,,,,,0,,0,,,,,
,,,,,,,,,,,,,,,,0,,0,,,,,
,,,,,,,,,,,,,,,,0,,0,,,,,
,,,,,,,,,,,,,,,,0,,0,,,,,
,,,,,,,,,,,,,,,,0,,0,,,,,
,,,,,,,,,,,,,,,,0,,0,,,,,
,,,,,,,,,,,,,,,,0,,0,,,,,
,,,,,,,,,,,,,,,,0,,0,,,,,
,,,,,,,,,,,,,,,,0,,0,,,,,
,,,,,,,,,,,,,,,,0,,0,,,,,
,,,,,,,,,,,,,,,,0,,0,,,,,
,,,,,,,,,,,,,,,,0,,0,,,,,
,,,,,,,,,,,,,,,,0,,0,,,,,
,,,,,,,,,,,,,,,,0,,0,,,,,
,,,,,,,,,,,,,,,,0,,0,,,,,
,,,,,,,,,,,,,,,,0,,0,,,,,
,,,,,,,,,,,,,,,,0,,0,,,,,
,,,,,,,,,,,,,,,,0,,0,,,,,
,,,,,,,,,,,,,,,,0,,0,,,,,
,,,,,,,,,,,,,,,,0,,0,,,,,
,,,,,,,,,,,,,,,,0,,0,,,,,
,,,,,,,,,,,,,,,,0,,0,,,,,
,,,,,,,,,,,,,,,,0,,0,,,,,
,,,,,,,,,,,,,,,,0,,0,,,,,
,,,,,,,,,,,,,,,,0,,0,,,,,
,,,,,,,,,,,,,,,,0,,0,,,,,
,,,,,,,,,,,,,,,,0,,0,,,,,
,,,,,,,,,,,,,,,,0,,0,,,,,
,,,,,,,,,,,,,,,,0,,0,,,,,
,,,,,,,,,,,,,,,,0,,0,,,,,
,,,,,,,,,,,,,,,,0,,0,,,,,
,,,,,,,,,,,,,,,,0,,0,,,,,
,,,,,,,,,,,,,,,,0,,0,,,,,
,,,,,,,,,,,,,,,,0,,0,,,,,
,,,,,,,,,,,,,,,,0,,0,,,,,
,,,,,,,,,,,,,,,,0,,0,,,,,
,,,,,,,,,,,,,,,,0,,0,,,,,
,,,,,,,,,,,,,,,,0,,0,,,,,
,,,,,,,,,,,,,,,,0,,0,,,,,
,,,,,,,,,,,,,,,,0,,0,,,,,
,,,,,,,,,,,,,,,,0,,0,,,,,
,,,,,,,,,,,,,,,,0,,0,,,,,
,,,,,,,,,,,,,,,,0,,0,,,,,
,,,,,,,,,,,,,,,,0,,0,,,,,
,,,,,,,,,,,,,,,,0,,0,,,,,
,,,,,,,,,,,,,,,,0,,0,,,,,
,,,,,,,,,,,,,,,,0,,0,,,,,
,,,,,,,,,,,,,,,,0,,0,,,,,
,,,,,,,,,,,,,,,,0,,0,,,,,
,,,,,,,,,,,,,,,,0,,0,,,,,
,,,,,,,,,,,,,,,,0,,0,,,,,
,,,,,,,,,,,,,,,,0,,0,,,,,
,,,,,,,,,,,,,,,,0,,0,,,,,
,,,,,,,,,,,,,,,,0,,0,,,,,
,,,,,,,,,,,,,,,,0,,0,,,,,
,,,,,,,,,,,,,,,,0,,0,,,,,
,,,,,,,,,,,,,,,,0,,0,,,,,
,,,,,,,,,,,,,,,,0,,0,,,,,
,,,,,,,,,,,,,,,,0,,0,,,,,
,,,,,,,,,,,,,,,,0,,0,,,,,
,,,,,,,,,,,,,,,,0,,0,,,,,
,,,,,,,,,,,,,,,,0,,0,,,,,
,,,,,,,,,,,,,,,,0,,0,,,,,
,,,,,,,,,,,,,,,,0,,0,,,,,
,,,,,,,,,,,,,,,,0,,0,,,,,
,,,,,,,,,,,,,,,,0,,0,,,,,
,,,,,,,,,,,,,,,,0,,0,,,,,
,,,,,,,,,,,,,,,,0,,0,,,,,
,,,,,,,,,,,,,,,,0,,0,,,,,
,,,,,,,,,,,,,,,,0,,0,,,,,
,,,,,,,,,,,,,,,,0,,0,,,,,
,,,,,,,,,,,,,,,,0,,0,,,,,
,,,,,,,,,,,,,,,,0,,0,,,,,
,,,,,,,,,,,,,,,,0,,0,,,,,
,,,,,,,,,,,,,,,,0,,0,,,,,
,,,,,,,,,,,,,,,,0,,0,,,,,
,,,,,,,,,,,,,,,,0,,0,,,,,
,,,,,,,,,,,,,,,,0,,0,,,,,
,,,,,,,,,,,,,,,,0,,0,,,,,
,,,,,,,,,,,,,,,,0,,0,,,,,
,,,,,,,,,,,,,,,,0,,0,,,,,
,,,,,,,,,,,,,,,,0,,0,,,,,
,,,,,,,,,,,,,,,,0,,0,,,,,
,,,,,,,,,,,,,,,,0,,0,,,,,
,,,,,,,,,,,,,,,,0,,0,,,,,
,,,,,,,,,,,,,,,,0,,0,,,,,
,,,,,,,,,,,,,,,,0,,0,,,,,
,,,,,,,,,,,,,,,,0,,0,,,,,
,,,,,,,,,,,,,,,,0,,0,,,,,
,,,,,,,,,,,,,,,,0,,0,,,,,
,,,,,,,,,,,,,,,,0,,0,,,,,
,,,,,,,,,,,,,,,,0,,0,,,,,
,,,,,,,,,,,,,,,,0,,0,,,,,
,,,,,,,,,,,,,,,,0,,0,,,,,
,,,,,,,,,,,,,,,,0,,0,,,,,
,,,,,,,,,,,,,,,,0,,0,,,,,
,,,,,,,,,,,,,,,,0,,0,,,,,
,,,,,,,,,,,,,,,,0,,0,,,,,
,,,,,,,,,,,,,,,,0,,0,,,,,
,,,,,,,,,,,,,,,,0,,0,,,,,
,,,,,,,,,,,,,,,,0,,0,,,,,
,,,,,,,,,,,,,,,,0,,0,,,,,
,,,,,,,,,,,,,,,,0,,0,,,,,
,,,,,,,,,,,,,,,,0,,0,,,,,
,,,,,,,,,,,,,,,,0,,0,,,,,
,,,,,,,,,,,,,,,,0,,0,,,,,
,,,,,,,,,,,,,,,,0,,0,,,,,
,,,,,,,,,,,,,,,,0,,0,,,,,
,,,,,,,,,,,,,,,,0,,0,,,,,
,,,,,,,,,,,,,,,,0,,0,,,,,
,,,,,,,,,,,,,,,,0,,0,,,,,
,,,,,,,,,,,,,,,,0,,0,,,,,
,,,,,,,,,,,,,,,,0,,0,,,,,
,,,,,,,,,,,,,,,,0,,0,,,,,
,,,,,,,,,,,,,,,,0,,0,,,,,
,,,,,,,,,,,,,,,,0,,0,,,,,
,,,,,,,,,,,,,,,,0,,0,,,,,
,,,,,,,,,,,,,,,,0,,0,,,,,
,,,,,,,,,,,,,,,,0,,0,,,,,
,,,,,,,,,,,,,,,,0,,0,,,,,
,,,,,,,,,,,,,,,,0,,0,,,,,
,,,,,,,,,,,,,,,,0,,0,,,,,
,,,,,,,,,,,,,,,,0,,0,,,,,
,,,,,,,,,,,,,,,,0,,0,,,,,
,,,,,,,,,,,,,,,,0,,0,,,,,
,,,,,,,,,,,,,,,,0,,0,,,,,
,,,,,,,,,,,,,,,,0,,0,,,,,
,,,,,,,,,,,,,,,,0,,0,,,,,
,,,,,,,,,,,,,,,,0,,0,,,,,
,,,,,,,,,,,,,,,,0,,0,,,,,
,,,,,,,,,,,,,,,,0,,0,,,,,
,,,,,,,,,,,,,,,,0,,0,,,,,
,,,,,,,,,,,,,,,,0,,0,,,,,
,,,,,,,,,,,,,,,,0,,0,,,,,
,,,,,,,,,,,,,,,,0,,0,,,,,
,,,,,,,,,,,,,,,,0,,0,,,,,
,,,,,,,,,,,,,,,,0,,0,,,,,
,,,,,,,,,,,,,,,,0,,0,,,,,
,,,,,,,,,,,,,,,,0,,0,,,,,
,,,,,,,,,,,,,,,,0,,0,,,,,
,,,,,,,,,,,,,,,,0,,0,,,,,
,,,,,,,,,,,,,,,,0,,0,,,,,
,,,,,,,,,,,,,,,,0,,0,,,,,
,,,,,,,,,,,,,,,,0,,0,,,,,
,,,,,,,,,,,,,,,,0,,0,,,,,
,,,,,,,,,,,,,,,,0,,0,,,,,
,,,,,,,,,,,,,,,,0,,0,,,,,
,,,,,,,,,,,,,,,,0,,0,,,,,
,,,,,,,,,,,,,,,,0,,0,,,,,
,,,,,,,,,,,,,,,,0,,0,,,,,
,,,,,,,,,,,,,,,,0,,0,,,,,
,,,,,,,,,,,,,,,,0,,0,,,,,
,,,,,,,,,,,,,,,,0,,0,,,,,
,,,,,,,,,,,,,,,,0,,0,,,,,
,,,,,,,,,,,,,,,,0,,0,,,,,
,,,,,,,,,,,,,,,,0,,0,,,,,
,,,,,,,,,,,,,,,,0,,0,,,,,
,,,,,,,,,,,,,,,,0,,0,,,,,
,,,,,,,,,,,,,,,,0,,0,,,,,
,,,,,,,,,,,,,,,,0,,0,,,,,
,,,,,,,,,,,,,,,,0,,0,,,,,
,,,,,,,,,,,,,,,,0,,0,,,,,
,,,,,,,,,,,,,,,,0,,0,,,,,
,,,,,,,,,,,,,,,,0,,0,,,,,
,,,,,,,,,,,,,,,,0,,0,,,,,
,,,,,,,,,,,,,,,,0,,0,,,,,
,,,,,,,,,,,,,,,,0,,0,,,,,
,,,,,,,,,,,,,,,,0,,0,,,,,
,,,,,,,,,,,,,,,,0,,0,,,,,
,,,,,,,,,,,,,,,,0,,0,,,,,
,,,,,,,,,,,,,,,,0,,0,,,,,
,,,,,,,,,,,,,,,,0,,0,,,,,
,,,,,,,,,,,,,,,,0,,0,,,,,
,,,,,,,,,,,,,,,,0,,0,,,,,
,,,,,,,,,,,,,,,,0,,0,,,,,
,,,,,,,,,,,,,,,,0,,0,,,,,
,,,,,,,,,,,,,,,,0,,0,,,,,
,,,,,,,,,,,,,,,,0,,0,,,,,
,,,,,,,,,,,,,,,,0,,0,,,,,
,,,,,,,,,,,,,,,,0,,0,,,,,
,,,,,,,,,,,,,,,,0,,0,,,,,
,,,,,,,,,,,,,,,,0,,0,,,,,
,,,,,,,,,,,,,,,,0,,0,,,,,
,,,,,,,,,,,,,,,,0,,0,,,,,
,,,,,,,,,,,,,,,,0,,0,,,,,
,,,,,,,,,,,,,,,,0,,0,,,,,
,,,,,,,,,,,,,,,,0,,0,,,,,
,,,,,,,,,,,,,,,,0,,0,,,,,
,,,,,,,,,,,,,,,,0,,0,,,,,
,,,,,,,,,,,,,,,,0,,0,,,,,
,,,,,,,,,,,,,,,,0,,0,,,,,
,,,,,,,,,,,,,,,,0,,0,,,,,
,,,,,,,,,,,,,,,,0,,0,,,,,
,,,,,,,,,,,,,,,,0,,0,,,,,
,,,,,,,,,,,,,,,,0,,0,,,,,
,,,,,,,,,,,,,,,,0,,0,,,,,
,,,,,,,,,,,,,,,,0,,0,,,,,
,,,,,,,,,,,,,,,,0,,0,,,,,
,,,,,,,,,,,,,,,,0,,0,,,,,
,,,,,,,,,,,,,,,,0,,0,,,,,
,,,,,,,,,,,,,,,,0,,0,,,,,
,,,,,,,,,,,,,,,,0,,0,,,,,
,,,,,,,,,,,,,,,,0,,0,,,,,
,,,,,,,,,,,,,,,,0,,0,,,,,
,,,,,,,,,,,,,,,,0,,0,,,,,
,,,,,,,,,,,,,,,,0,,0,,,,,
,,,,,,,,,,,,,,,,0,,0,,,,,
,,,,,,,,,,,,,,,,0,,0,,,,,
,,,,,,,,,,,,,,,,0,,0,,,,,
,,,,,,,,,,,,,,,,0,,0,,,,,
,,,,,,,,,,,,,,,,0,,0,,,,,
,,,,,,,,,,,,,,,,0,,0,,,,,
,,,,,,,,,,,,,,,,0,,0,,,,,
,,,,,,,,,,,,,,,,0,,0,,,,,
,,,,,,,,,,,,,,,,0,,0,,,,,
,,,,,,,,,,,,,,,,0,,0,,,,,
,,,,,,,,,,,,,,,,0,,0,,,,,
,,,,,,,,,,,,,,,,0,,0,,,,,
,,,,,,,,,,,,,,,,0,,0,,,,,
,,,,,,,,,,,,,,,,0,,0,,,,,
,,,,,,,,,,,,,,,,0,,0,,,,,
,,,,,,,,,,,,,,,,0,,0,,,,,
,,,,,,,,,,,,,,,,0,,0,,,,,
,,,,,,,,,,,,,,,,0,,0,,,,,
,,,,,,,,,,,,,,,,0,,0,,,,,
,,,,,,,,,,,,,,,,0,,0,,,,,
,,,,,,,,,,,,,,,,0,,0,,,,,
,,,,,,,,,,,,,,,,0,,0,,,,,
,,,,,,,,,,,,,,,,0,,0,,,,,
,,,,,,,,,,,,,,,,0,,0,,,,,
,,,,,,,,,,,,,,,,0,,0,,,,,
,,,,,,,,,,,,,,,,0,,0,,,,,
,,,,,,,,,,,,,,,,0,,0,,,,,
,,,,,,,,,,,,,,,,0,,0,,,,,
,,,,,,,,,,,,,,,,0,,0,,,,,
,,,,,,,,,,,,,,,,0,,0,,,,,
,,,,,,,,,,,,,,,,0,,0,,,,,
,,,,,,,,,,,,,,,,0,,0,,,,,
,,,,,,,,,,,,,,,,0,,0,,,,,
,,,,,,,,,,,,,,,,0,,0,,,,,
,,,,,,,,,,,,,,,,0,,0,,,,,
,,,,,,,,,,,,,,,,0,,0,,,,,
,,,,,,,,,,,,,,,,0,,0,,,,,
,,,,,,,,,,,,,,,,0,,0,,,,,
,,,,,,,,,,,,,,,,0,,0,,,,,
,,,,,,,,,,,,,,,,0,,0,,,,,
,,,,,,,,,,,,,,,,0,,0,,,,,
,,,,,,,,,,,,,,,,0,,0,,,,,
,,,,,,,,,,,,,,,,0,,0,,,,,
,,,,,,,,,,,,,,,,0,,0,,,,,
,,,,,,,,,,,,,,,,0,,0,,,,,
,,,,,,,,,,,,,,,,0,,0,,,,,
,,,,,,,,,,,,,,,,0,,0,,,,,
,,,,,,,,,,,,,,,,0,,0,,,,,
,,,,,,,,,,,,,,,,0,,0,,,,,
,,,,,,,,,,,,,,,,0,,0,,,,,
,,,,,,,,,,,,,,,,0,,0,,,,,
,,,,,,,,,,,,,,,,0,,0,,,,,
,,,,,,,,,,,,,,,,0,,0,,,,,
,,,,,,,,,,,,,,,,0,,0,,,,,
,,,,,,,,,,,,,,,,0,,0,,,,,
,,,,,,,,,,,,,,,,0,,0,,,,,
,,,,,,,,,,,,,,,,0,,0,,,,,
,,,,,,,,,,,,,,,,0,,0,,,,,
,,,,,,,,,,,,,,,,0,,0,,,,,
,,,,,,,,,,,,,,,,0,,0,,,,,
,,,,,,,,,,,,,,,,0,,0,,,,,
,,,,,,,,,,,,,,,,0,,0,,,,,
,,,,,,,,,,,,,,,,0,,0,,,,,
,,,,,,,,,,,,,,,,0,,0,,,,,
,,,,,,,,,,,,,,,,0,,0,,,,,
,,,,,,,,,,,,,,,,0,,0,,,,,
,,,,,,,,,,,,,,,,0,,0,,,,,
,,,,,,,,,,,,,,,,0,,0,,,,,
,,,,,,,,,,,,,,,,0,,0,,,,,
,,,,,,,,,,,,,,,,0,,0,,,,,
,,,,,,,,,,,,,,,,0,,0,,,,,
,,,,,,,,,,,,,,,,0,,0,,,,,
,,,,,,,,,,,,,,,,0,,0,,,,,
,,,,,,,,,,,,,,,,0,,0,,,,,
,,,,,,,,,,,,,,,,0,,0,,,,,
,,,,,,,,,,,,,,,,0,,0,,,,,
,,,,,,,,,,,,,,,,0,,0,,,,,
,,,,,,,,,,,,,,,,0,,0,,,,,
,,,,,,,,,,,,,,,,0,,0,,,,,
,,,,,,,,,,,,,,,,0,,0,,,,,
,,,,,,,,,,,,,,,,0,,0,,,,,
,,,,,,,,,,,,,,,,0,,0,,,,,
,,,,,,,,,,,,,,,,0,,0,,,,,
,,,,,,,,,,,,,,,,0,,0,,,,,
,,,,,,,,,,,,,,,,0,,0,,,,,
,,,,,,,,,,,,,,,,0,,0,,,,,
,,,,,,,,,,,,,,,,0,,0,,,,,
,,,,,,,,,,,,,,,,0,,0,,,,,
,,,,,,,,,,,,,,,,0,,0,,,,,
,,,,,,,,,,,,,,,,0,,0,,,,,
,,,,,,,,,,,,,,,,0,,0,,,,,
,,,,,,,,,,,,,,,,0,,0,,,,,
,,,,,,,,,,,,,,,,0,,0,,,,,
,,,,,,,,,,,,,,,,0,,0,,,,,
,,,,,,,,,,,,,,,,0,,0,,,,,
,,,,,,,,,,,,,,,,0,,0,,,,,
,,,,,,,,,,,,,,,,0,,0,,,,,
,,,,,,,,,,,,,,,,0,,0,,,,,
,,,,,,,,,,,,,,,,0,,0,,,,,
,,,,,,,,,,,,,,,,0,,0,,,,,
,,,,,,,,,,,,,,,,0,,0,,,,,
,,,,,,,,,,,,,,,,0,,0,,,,,
,,,,,,,,,,,,,,,,0,,0,,,,,
,,,,,,,,,,,,,,,,0,,0,,,,,
,,,,,,,,,,,,,,,,0,,0,,,,,
,,,,,,,,,,,,,,,,0,,0,,,,,
,,,,,,,,,,,,,,,,0,,0,,,,,
,,,,,,,,,,,,,,,,0,,0,,,,,
,,,,,,,,,,,,,,,,0,,0,,,,,
,,,,,,,,,,,,,,,,0,,0,,,,,
,,,,,,,,,,,,,,,,0,,0,,,,,
,,,,,,,,,,,,,,,,0,,0,,,,,
,,,,,,,,,,,,,,,,0,,0,,,,,
,,,,,,,,,,,,,,,,0,,0,,,,,
,,,,,,,,,,,,,,,,0,,0,,,,,
,,,,,,,,,,,,,,,,0,,0,,,,,
,,,,,,,,,,,,,,,,0,,0,,,,,
,,,,,,,,,,,,,,,,0,,0,,,,,
,,,,,,,,,,,,,,,,0,,0,,,,,
,,,,,,,,,,,,,,,,0,,0,,,,,
,,,,,,,,,,,,,,,,0,,0,,,,,
,,,,,,,,,,,,,,,,0,,0,,,,,
,,,,,,,,,,,,,,,,0,,0,,,,,
,,,,,,,,,,,,,,,,0,,0,,,,,
,,,,,,,,,,,,,,,,0,,0,,,,,
,,,,,,,,,,,,,,,,0,,0,,,,,
,,,,,,,,,,,,,,,,0,,0,,,,,
,,,,,,,,,,,,,,,,0,,0,,,,,
,,,,,,,,,,,,,,,,0,,0,,,,,
,,,,,,,,,,,,,,,,0,,0,,,,,
,,,,,,,,,,,,,,,,0,,0,,,,,
,,,,,,,,,,,,,,,,0,,0,,,,,
,,,,,,,,,,,,,,,,0,,0,,,,,
,,,,,,,,,,,,,,,,0,,0,,,,,
,,,,,,,,,,,,,,,,0,,0,,,,,
,,,,,,,,,,,,,,,,0,,0,,,,,
,,,,,,,,,,,,,,,,0,,0,,,,,
,,,,,,,,,,,,,,,,0,,0,,,,,
,,,,,,,,,,,,,,,,0,,0,,,,,
,,,,,,,,,,,,,,,,0,,0,,,,,
,,,,,,,,,,,,,,,,0,,0,,,,,
,,,,,,,,,,,,,,,,0,,0,,,,,
,,,,,,,,,,,,,,,,0,,0,,,,,
,,,,,,,,,,,,,,,,0,,0,,,,,
,,,,,,,,,,,,,,,,0,,0,,,,,
,,,,,,,,,,,,,,,,0,,0,,,,,
,,,,,,,,,,,,,,,,0,,0,,,,,
,,,,,,,,,,,,,,,,0,,0,,,,,
,,,,,,,,,,,,,,,,0,,0,,,,,
,,,,,,,,,,,,,,,,0,,0,,,,,
,,,,,,,,,,,,,,,,0,,0,,,,,
,,,,,,,,,,,,,,,,0,,0,,,,,
,,,,,,,,,,,,,,,,0,,0,,,,,
,,,,,,,,,,,,,,,,0,,0,,,,,
,,,,,,,,,,,,,,,,0,,0,,,,,
,,,,,,,,,,,,,,,,0,,0,,,,,
,,,,,,,,,,,,,,,,0,,0,,,,,
,,,,,,,,,,,,,,,,0,,0,,,,,
,,,,,,,,,,,,,,,,0,,0,,,,,
,,,,,,,,,,,,,,,,0,,0,,,,,
,,,,,,,,,,,,,,,,0,,0,,,,,
,,,,,,,,,,,,,,,,0,,0,,,,,
,,,,,,,,,,,,,,,,0,,0,,,,,
,,,,,,,,,,,,,,,,0,,0,,,,,
,,,,,,,,,,,,,,,,0,,0,,,,,
